135
-0.389809
 0.464682
 0.795059
-0.661547
-0.721572
 0.204180
-0.470425
 0.618695
 0.629220
-0.304422
-0.910847
 0.278722
 0.193945
 0.273429
 0.942137
 0.300776
 0.445329
 0.843336
-0.841034
 0.145692
 0.520996
 0.785554
-0.608232
 0.113836
 0.625635
-0.764418
 0.155713
 0.494394
 0.474461
 0.728328
-0.057783
 0.636436
 0.769162
-0.084790
-0.819786
 0.566358
 0.708260
-0.701682
-0.077528
-0.489538
-0.852838
 0.181713
-0.480152
-0.149222
 0.864400
 0.166546
-0.622556
 0.764648
 0.050659
 0.443919
 0.894634
 0.136802
-0.776265
 0.615385
 0.798089
 0.454271
 0.395843
 0.078692
 0.090925
 0.992744
-0.563060
-0.350192
 0.748551
-0.826420
 0.456919
 0.329021
 0.433627
 0.274015
 0.858419
 0.979552
-0.196770
 0.041940
-0.964417
-0.264386
-0.000903
-0.053973
-0.675063
 0.735783
 0.789737
 0.579573
 0.201025
 0.513901
 0.652701
 0.556675
 0.966275
 0.154324
 0.206150
-0.364643
 0.923963
 0.115445
 0.310398
 0.794356
 0.522161
-0.796834
-0.444500
 0.409237
 0.328489
 0.094411
 0.939777
 0.552044
-0.509437
 0.660092
 0.205865
-0.089753
 0.974456
 0.528877
-0.680281
 0.507451
 0.558346
 0.091699
 0.824525
-0.351261
 0.873691
 0.336571
-0.149447
-0.318653
 0.936016
 0.101363
-0.895880
 0.432580
 0.623563
 0.287956
 0.726809
-0.750064
-0.312393
 0.582936
 0.358391
-0.667894
 0.652284
 0.903696
 0.384141
 0.189130
 0.322399
-0.813286
 0.484380
 0.636757
-0.114052
 0.762583
-0.168419
 0.966315
 0.194601
 0.121262
 0.757166
 0.641869
 0.007906
-0.999438
-0.032565
-0.493839
 0.267795
 0.827290
 0.324223
-0.269065
 0.906909
 0.445558
-0.089502
 0.890768
-0.665006
-0.161537
 0.729159
-0.229665
-0.523312
 0.820609
-0.381035
 0.069536
 0.921942
-0.736052
 0.035995
 0.675967
 0.040358
 0.962801
 0.267179
-0.175278
 0.468352
 0.865982
 0.354127
 0.934649
-0.032016
 0.265996
 0.905198
 0.331455
-0.891262
-0.240233
 0.384631
-0.267971
 0.643786
 0.716750
 0.904021
-0.124977
 0.408810
-0.910620
-0.361285
 0.200610
 0.925662
-0.285138
 0.248688
 0.190082
-0.438401
 0.878450
-0.907214
 0.245811
 0.341378
 0.215651
-0.975219
 0.049431
-0.268503
-0.692865
 0.669211
 0.973058
-0.052346
 0.224541
 0.677350
-0.655297
 0.334339
-0.832776
-0.105911
 0.543385
-0.678316
 0.244009
 0.693070
 0.380122
-0.485702
 0.787147
-0.631336
-0.746653
-0.209582
-0.838264
 0.532502
 0.117282
 0.203850
 0.971762
 0.118847
-0.546611
 0.800833
 0.244709
 0.790339
-0.122653
 0.600267
 0.874642
 0.484703
-0.008042
 0.777197
 0.277764
 0.564634
-0.631780
-0.501458
 0.591096
 0.484276
-0.810730
 0.328927
 0.480553
 0.792067
 0.376429
-0.475928
-0.670075
 0.569642
-0.666477
 0.555677
 0.497023
-0.432812
-0.527279
 0.731198
 0.414362
-0.900591
 0.131299
-0.046306
-0.101087
 0.993799
-0.295620
-0.821596
 0.487431
-0.704916
 0.644221
 0.296771
-0.058537
 0.271568
 0.960638
 0.156069
 0.597899
 0.786231
 0.876365
 0.071154
 0.476363
 0.265947
-0.920208
 0.287211
 0.823647
-0.324426
 0.465138
 0.082446
 0.879870
 0.468008
-0.316880
 0.781084
 0.538047
-0.571587
 0.054100
 0.818756
 0.519989
-0.305367
 0.797723
-0.802510
-0.556855
 0.214222
 0.662211
 0.475636
 0.579005
-0.020707
-0.493174
 0.869684
-0.743648
-0.668571
-0.000216
 0.074252
-0.274903
 0.958601
 0.735978
 0.083936
 0.671782
-0.933341
 0.330985
 0.139006
-0.588974
 0.439353
 0.678291
-0.272927
-0.131753
 0.952970
-0.494760
-0.778950
 0.385292
-0.363349
-0.341516
 0.866801
 0.999397
 0.033589
 0.008846
 0.824592
-0.482401
 0.295528
-0.663217
-0.626246
 0.409828
-0.151459
-0.980577
 0.124612
-0.979675
 0.103866
 0.171607
 0.891594
 0.253671
 0.375115
 0.428594
 0.885799
 0.177956
 0.343155
 0.640616
 0.686918
-0.141220
 0.899551
 0.413357
-0.167372
 0.081936
 0.982483
-0.102035
 0.789299
 0.605472
 0.772161
-0.360849
-0.523025
 0.573667
 0.818955
 0.014811
 0.688388
-0.321942
 0.649981
-0.106320
-0.925715
 0.362969
 0.904354
-0.420576
 0.072518
-0.930088
 0.002161
 0.367330
 0.701797
-0.508654
 0.498750
-0.545028
 0.837835
 0.031263
-0.286433
 0.279742
 0.916352
-0.056943
 0.976387
-0.208390
 0.971819
 0.135479
-0.192906
 0.664320
 0.633215
 0.397137
-0.521803
 0.727643
 0.445261
