56
-0.520068
-0.353303
 0.777629
-0.166496
-0.886506
 0.431724
-0.315085
 0.221733
 0.922798
-0.003832
 0.352646
 0.935749
-0.846862
 0.528154
 0.062274
-0.356128
-0.657155
 0.664319
 0.816219
 0.411889
 0.405134
-0.950968
-0.027798
 0.308038
-0.182603
-0.441971
 0.878247
-0.980866
 0.194460
-0.009339
-0.006141
-0.706497
 0.707689
 0.044773
 0.974405
 0.220297
-0.576024
 0.003527
 0.817425
 0.308583
 0.544317
 0.780061
 0.507227
-0.348368
 0.788264
-0.452919
 0.885578
-0.103034
-0.684323
-0.696510
-0.215812
 0.664361
-0.524628
 0.532344
 0.160124
-0.885473
 0.436232
-0.713710
 0.670900
-0.201277
 0.375576
 0.887838
 0.265869
-0.443845
 0.738719
 0.507244
-0.795474
 0.145941
 0.588151
 0.000000
-0.000000
 1.000000
 0.130077
-0.985644
 0.107640
-0.011531
 0.650254
 0.759629
 0.322444
-0.627657
 0.708573
 0.950047
 0.009801
 0.311954
-0.781659
-0.204361
 0.589276
-0.622445
 0.761227
 0.181919
 0.482789
 0.793530
-0.370438
 0.201864
 0.974290
-0.100045
-0.284166
-0.136822
 0.948962
 0.806896
 0.135313
 0.574986
-0.885639
 0.364493
-0.287728
-0.889178
-0.361076
 0.281046
-0.897715
 0.311783
 0.311287
 0.587032
 0.007783
 0.809526
-0.745122
-0.646269
 0.164713
-0.125835
 0.853303
 0.506003
 0.132472
-0.398015
 0.907764
 0.507452
 0.860771
-0.039559
-0.318724
 0.553237
 0.769638
 0.316005
 0.226166
 0.921407
-0.707147
 0.543845
 0.451858
 0.221071
 0.809247
 0.544286
-0.308431
 0.926689
 0.214751
-0.889993
-0.447593
-0.087021
 0.546896
 0.653271
 0.523585
 0.594357
 0.364880
 0.716660
-0.463003
 0.775496
-0.429226
-0.988053
-0.152969
-0.018744
 0.784792
-0.207287
 0.584066
-0.671699
-0.534738
 0.512714
 0.298089
-0.120230
 0.946936
-0.584389
 0.369064
 0.722691
