149
 0.585047
-0.203522
 0.785047
 0.025353
 0.238936
 0.970704
-0.474544
-0.857743
 0.197697
-0.848727
 0.444133
 0.287068
-0.737135
-0.467882
 0.487563
-0.154833
-0.702164
 0.694977
 0.783319
 0.172777
 0.597126
-0.410308
 0.584956
 0.699624
-0.729473
 0.514700
 0.450504
 0.550730
 0.003220
 0.834677
 0.220259
 0.972683
 0.073300
 0.714163
-0.586026
 0.382811
 0.056254
-0.971485
 0.230330
-0.214319
 0.960510
 0.177451
-0.714506
 0.699627
 0.001855
 0.967268
 0.149948
 0.204714
 0.897409
-0.419436
 0.136861
 0.788960
 0.548340
-0.277247
-0.542569
 0.644559
 0.538667
-0.890701
-0.437667
 0.122880
-0.952838
-0.242066
 0.183039
-0.001546
-0.886881
 0.461995
-0.902531
 0.065583
 0.425602
 0.279376
-0.940590
 0.192974
-0.015404
 0.732237
 0.680876
 0.000000
 0.000000
 1.000000
-0.867583
-0.360378
 0.342677
 0.225760
-0.315805
 0.921574
 0.382229
-0.835462
 0.394846
 0.559937
-0.726040
 0.399169
-0.274915
 0.486736
 0.829162
 0.471480
-0.857424
 0.206230
 0.898129
 0.158699
 0.410096
 0.738206
-0.413525
 0.532963
 0.355602
-0.934637
-0.001400
 0.787163
-0.589822
 0.180235
 0.839918
-0.420003
 0.343708
-0.158524
-0.321030
 0.933708
 0.992113
-0.096635
-0.079831
-0.647526
-0.727440
 0.227025
 0.030756
-0.770075
 0.637211
 0.820016
 0.346231
 0.455740
-0.323195
-0.873418
 0.364261
-0.542477
-0.602441
 0.585478
-0.471405
 0.795447
 0.380844
-0.137415
-0.941785
 0.306853
 0.310626
 0.454348
 0.834913
 0.202204
-0.113702
 0.972721
 0.367506
 0.031713
 0.929480
-0.149794
 0.828157
 0.540110
-0.495818
-0.769808
 0.401946
-0.738665
 0.353571
 0.573900
-0.649974
-0.636031
 0.415931
-0.862338
-0.498804
-0.086992
-0.859997
 0.286442
 0.422323
 0.020717
-0.221973
 0.974833
 0.800423
 0.524248
 0.290666
 0.934345
-0.235455
 0.267506
 0.841665
-0.029250
 0.539207
 0.629923
 0.190239
 0.752998
 0.091159
 0.432766
 0.896885
-0.176733
-0.101766
 0.978984
-0.496512
 0.157225
 0.853672
 0.136876
 0.948360
 0.286142
-0.425453
-0.904894
-0.012523
 0.260387
 0.864212
 0.430507
 0.501880
 0.381949
 0.776036
 0.643338
-0.738265
 0.202685
-0.278059
 0.883918
 0.375995
-0.127275
 0.370018
 0.920265
 0.236331
-0.666898
 0.706678
-0.545374
 0.838116
-0.011317
 0.854866
-0.231155
 0.464512
-0.519398
-0.274077
 0.809387
 0.711147
-0.015055
 0.702882
-0.350930
 0.753757
 0.555606
-0.082238
-0.993489
 0.078845
 0.423458
-0.371305
 0.826327
-0.187842
-0.829703
 0.525650
 0.035874
-0.429636
 0.902289
 0.379701
 0.739632
 0.555673
 0.140960
-0.989638
 0.027312
-0.216388
 0.674592
 0.705763
-0.488948
-0.473008
 0.732935
 0.540026
 0.534303
 0.650302
-0.151254
-0.526909
 0.836355
 0.349424
 0.910130
 0.222635
 0.613736
 0.788884
-0.031467
 0.775806
 0.626035
-0.078778
-0.679174
-0.169457
 0.714148
 0.185186
 0.755643
 0.628260
-0.553357
-0.816032
-0.166994
-0.904626
-0.154805
 0.397099
-0.164086
 0.138870
 0.976622
 0.681364
 0.363094
 0.635535
-0.927695
 0.354258
 0.117829
 0.404595
-0.175479
 0.897502
 0.936195
-0.038731
 0.349339
 0.988788
-0.048839
 0.141115
 0.903620
 0.343545
 0.255828
 0.417584
-0.706642
 0.571210
-0.330841
-0.602514
 0.726307
-0.463254
 0.381789
 0.799771
 0.143732
 0.606333
 0.782114
-0.789317
 0.150016
 0.595377
-0.644341
 0.674968
 0.359504
 0.040169
-0.614613
 0.787805
 0.445011
 0.212801
 0.869874
-0.993854
-0.109356
 0.017215
-0.591336
 0.475254
 0.651503
-0.669628
 0.045299
 0.741314
-0.810136
-0.058903
 0.583275
 0.706582
 0.517242
 0.482910
 0.658562
 0.684698
 0.312226
-0.945775
 0.199277
 0.256512
-0.072938
 0.936669
 0.342536
-0.652307
-0.382517
 0.654352
-0.762905
 0.613677
 0.203410
 0.967466
-0.247109
 0.054286
-0.796792
-0.267484
 0.541826
 0.185253
-0.907086
 0.377989
 0.220448
-0.803562
 0.552894
 0.253911
 0.283582
 0.924722
-0.603123
 0.777102
 0.179872
 0.591716
-0.574700
 0.565324
-0.521891
-0.061833
 0.850768
 0.597220
-0.398712
 0.695958
 0.950657
 0.307340
 0.042343
-0.419495
 0.886576
 0.194955
-0.631253
 0.259356
 0.730926
-0.369551
-0.735626
 0.567703
-0.970285
-0.033710
 0.239605
 0.730372
 0.672568
 0.119203
-0.343989
 0.033653
 0.938370
 0.847927
-0.528908
-0.035725
-0.068250
 0.564289
 0.822752
-0.284327
-0.947333
 0.147371
-0.318790
 0.268441
 0.909017
 0.352109
 0.608170
 0.711441
 0.055267
 0.866287
 0.496480
-0.352701
-0.193036
 0.915608
-0.330939
-0.404101
 0.852750
 0.428720
-0.550420
 0.716405
-0.001143
-0.991242
-0.132057
 0.180746
 0.100830
 0.978348
 0.236839
-0.502445
 0.831539
 0.560302
 0.664561
 0.494388
 0.736773
-0.220496
 0.639177
 0.466801
 0.807250
 0.361171
