45
 0.298955
-0.215433
 0.929631
-0.297442
-0.873770
 0.384777
 0.632052
-0.773892
-0.040010
 0.968554
 0.133869
-0.209718
 0.072197
 0.787748
 0.611752
-0.837044
 0.290110
-0.463889
 0.019865
 0.076051
 0.996906
-0.587741
-0.598292
 0.544616
 0.044730
-0.863975
 0.501544
-0.011159
-0.993184
 0.116018
-0.321757
-0.037976
 0.946060
 0.984630
-0.062219
 0.163196
 0.359032
-0.912025
 0.198257
-0.773305
 0.546841
 0.320879
-0.087410
-0.337063
 0.937416
 0.728136
 0.520034
 0.446524
-0.255219
 0.676121
 0.691175
 0.162332
-0.576820
 0.800579
 0.435270
 0.804446
 0.404235
 0.677012
-0.648409
 0.348167
-0.793036
-0.246694
 0.556988
 0.929835
 0.340690
 0.139060
-0.848564
 0.155392
 0.505760
 0.353515
 0.189803
 0.915971
 0.385974
-0.745330
 0.543606
 0.638512
 0.289412
 0.713122
-0.605468
 0.449624
 0.656694
-0.058665
-0.952812
-0.297839
-0.486302
-0.348482
 0.801294
-0.471106
 0.772195
 0.426349
-0.598824
-0.773521
 0.207543
 0.551288
-0.444212
 0.706228
-0.628567
 0.057489
 0.775628
 0.643981
-0.087707
 0.759998
 0.714346
 0.688239
 0.126635
 0.874696
-0.474150
 0.100445
 0.277115
-0.943200
-0.183254
-0.954924
 0.243797
 0.169360
 0.054173
 0.468508
 0.881797
-0.227749
-0.653133
 0.722182
 0.386933
 0.580055
 0.716812
 0.358034
 0.932553
 0.046443
 0.844205
 0.484161
-0.230014
-0.312274
 0.341673
 0.886423
 0.874433
 0.115438
 0.471212
