76
 0.818184
 0.350134
 0.456049
-0.125723
-0.777783
 0.615830
 0.846214
 0.525447
 0.088474
 0.379488
 0.910114
 0.166379
-0.985134
-0.165693
 0.045352
 0.490001
 0.858268
-0.152561
 0.130656
-0.846533
 0.516053
-0.777836
-0.461409
 0.426699
-0.705261
 0.610504
 0.360406
-0.000000
-0.000000
 1.000000
 0.014731
 0.301156
 0.953461
 0.477353
-0.825398
 0.301416
-0.579778
-0.688839
 0.435153
 0.391238
-0.730260
 0.560047
 0.890262
-0.242389
 0.385591
-0.252197
 0.941426
 0.223859
 0.727816
 0.598632
 0.334549
 0.078075
 0.971958
 0.221816
-0.490450
 0.075742
 0.868171
-0.829189
 0.498764
-0.252348
-0.816703
 0.572705
 0.070751
-0.765258
 0.367343
 0.528620
 0.707466
 0.201338
 0.677462
-0.730282
 0.066840
 0.679868
-0.923814
-0.167673
 0.344172
 0.275056
 0.122731
-0.953562
 0.894766
 0.414191
-0.166852
 0.521001
-0.246022
 0.817331
-0.338895
-0.396947
 0.852985
-0.341206
 0.453063
 0.823598
-0.027940
-0.298363
 0.954044
-0.580818
 0.324240
 0.746672
 0.594086
 0.457164
-0.661864
-0.259322
 0.713097
 0.651341
 0.745854
-0.097337
 0.658959
-0.559909
-0.197335
 0.804711
-0.373776
-0.645276
 0.666266
 0.608481
 0.516043
 0.602868
 0.938743
 0.271007
 0.212879
-0.248677
 0.198623
 0.948002
 0.892713
 0.054419
 0.447328
 0.224560
 0.865405
 0.447936
 0.072843
-0.997153
 0.019475
 0.228553
 0.970733
-0.073770
-0.428202
 0.802295
 0.415892
 0.524081
 0.041767
 0.850644
 0.476792
 0.353221
 0.804925
 0.274403
 0.174939
 0.945568
-0.534379
 0.590366
 0.604903
-0.097360
-0.555246
 0.825968
 0.216772
-0.941671
 0.257422
-0.724290
-0.667093
 0.174330
 0.267173
-0.126517
 0.955307
 0.673694
-0.729051
 0.120917
 0.650242
-0.616890
 0.443432
 0.223898
 0.492599
 0.840962
-0.778168
-0.206747
 0.593051
 0.363436
 0.664932
 0.652518
 0.069054
 0.739617
 0.669476
-0.983185
 0.103269
 0.150607
 0.475128
-0.509681
 0.717272
-0.404898
 0.914187
-0.017864
 0.633390
 0.767516
 0.098668
-0.339284
-0.848400
 0.406330
-0.587265
 0.791918
 0.167290
-0.075637
 0.549654
 0.831961
-0.891524
 0.104964
 0.440644
 0.718458
-0.376431
 0.584908
 0.099193
-0.880934
-0.462727
 0.946144
-0.318612
 0.057426
 0.082647
 0.943908
-0.319699
 0.162697
-0.646611
 0.745268
 0.502117
 0.766016
 0.401370
 0.237708
-0.405737
 0.882537
 0.983612
-0.046004
 0.174330
-0.893607
 0.366475
 0.259157
