98
 0.614078
-0.522903
 0.591169
 0.552818
 0.259746
 0.791786
 0.648852
 0.443690
 0.618167
 0.679308
-0.711828
 0.178444
 0.331393
 0.921580
 0.202161
-0.448546
-0.857321
 0.252602
-0.662257
-0.262973
 0.701613
 0.760592
-0.543091
 0.355741
 0.402044
-0.683925
 0.608775
-0.528567
-0.087536
 0.844366
 0.979602
 0.007674
 0.200800
 0.154923
-0.789218
 0.594251
-0.114042
-0.828611
 0.548086
-0.509107
-0.860265
-0.027451
 0.698207
 0.598339
 0.393061
-0.727090
 0.010342
 0.686464
-0.434772
 0.895182
 0.098092
-0.996827
-0.063016
 0.048624
-0.012085
-0.990532
 0.136746
-0.201970
-0.925369
 0.320780
-0.592954
 0.736597
 0.325316
-0.032655
-0.247989
 0.968212
 0.130044
-0.926493
-0.353129
-0.368129
 0.349825
 0.861454
 0.847469
 0.492772
 0.197413
 0.440339
-0.183049
 0.878974
-0.699087
-0.703194
-0.129594
 0.836095
 0.545899
-0.054219
 0.329596
-0.858317
 0.393265
-0.295340
-0.184468
 0.937414
-0.734869
 0.282982
 0.616352
-0.118750
 0.467087
 0.876201
 0.825544
 0.360300
 0.434352
 0.318165
 0.314612
 0.894310
-0.548644
 0.455752
 0.700914
-0.134352
 0.242059
 0.960915
-0.834551
-0.177270
 0.521632
 0.637883
-0.271725
 0.720605
 0.041695
 0.824370
 0.564514
-0.854922
 0.349388
 0.383452
-0.349293
 0.083156
 0.933316
-0.949390
-0.098645
 0.298206
-0.227872
 0.788631
 0.571083
 0.889018
 0.344140
-0.302018
 0.782363
-0.575446
-0.238265
-0.962341
 0.151656
 0.225613
-0.914509
 0.173766
-0.365348
 0.073753
-0.923923
 0.375402
-0.534927
-0.549371
 0.641907
-0.527766
-0.789349
-0.313672
-0.276132
-0.958995
 0.063879
-0.049877
-0.673818
 0.737212
 0.416739
 0.506428
 0.754890
-0.313927
 0.593246
 0.741289
-0.733296
-0.434974
 0.522565
-0.224929
-0.442052
 0.868330
 0.556517
-0.724635
 0.406439
 0.124166
 0.929230
 0.348015
-0.567251
 0.187380
 0.801945
 0.226359
-0.593343
 0.772467
-0.457611
-0.366340
 0.810177
-0.065602
-0.991742
-0.110197
 0.026585
-0.478194
 0.877852
 0.113364
 0.195278
 0.974174
 0.749418
 0.187130
 0.635102
-0.915921
 0.384084
 0.116479
 0.442155
-0.445433
 0.778517
 0.899395
-0.382558
 0.211513
-0.304762
-0.633489
 0.711205
 0.947752
 0.314898
-0.051050
 0.315144
 0.816585
 0.483604
-0.372579
 0.860086
 0.348478
 0.498806
 0.660220
 0.561518
 0.243759
-0.958392
 0.148549
 0.386365
 0.068346
 0.919810
-0.767827
-0.564907
 0.302194
-0.042550
 0.668333
 0.742645
 0.193208
-0.975469
-0.105499
-0.650747
 0.755646
 0.074346
 0.944491
 0.258668
 0.202554
 0.617895
-0.002811
 0.786256
-0.475103
 0.683578
 0.554074
-0.089211
-0.004669
 0.996002
-0.690989
 0.531035
 0.490445
 0.230338
 0.676131
 0.699851
 0.794821
-0.082814
 0.601166
 0.477418
-0.864097
 0.159400
-0.585179
-0.690167
 0.425716
 0.826191
-0.562031
 0.039118
 0.789753
-0.339675
 0.510795
 0.895511
 0.101072
 0.433409
 0.133150
 0.480659
 0.866740
-0.364391
-0.781494
 0.506446
 0.178497
-0.071581
 0.981333
 0.657996
 0.739014
-0.144564
-0.872551
 0.095125
 0.479172
 0.235759
-0.328399
 0.914643
 0.978633
-0.199401
 0.050165
