49
 0.357717
-0.137210
 0.923695
 0.838543
-0.337831
 0.427454
-0.317996
-0.267279
 0.909638
-0.529443
 0.828200
-0.183778
-0.689971
 0.530826
 0.492101
-0.279028
-0.942153
 0.185720
-0.046442
 0.913995
 0.403058
-0.630851
-0.109360
 0.768158
-0.276853
-0.599762
 0.750758
 0.304543
 0.223179
 0.925983
-0.854643
 0.161266
 0.493538
 0.610467
 0.705494
 0.360012
-0.621237
 0.254478
 0.741151
 0.890673
-0.410740
-0.194920
 0.350941
 0.914569
 0.201009
 0.041261
-0.355820
 0.933643
 0.826642
 0.551816
 0.110282
-0.000000
 0.000000
 1.000000
-0.407353
 0.781370
 0.472783
-0.091752
-0.865118
 0.493106
 0.075960
-0.659638
 0.747735
 0.629056
 0.147965
 0.763148
 0.844883
 0.217315
-0.488823
 0.932100
 0.329770
-0.149805
 0.399940
-0.488068
 0.775782
 0.542299
 0.497945
 0.676730
 0.805637
 0.380433
 0.454115
 0.284114
 0.791333
 0.541361
 0.970225
-0.205600
 0.128031
 0.316663
-0.797706
 0.513216
 0.602345
 0.796324
-0.055209
 0.660486
-0.730183
-0.174901
-0.746285
-0.582639
 0.321856
 0.164213
-0.959169
 0.230280
 0.213400
 0.548647
 0.808360
-0.091659
 0.711400
 0.696784
 0.806564
-0.575548
 0.134902
 0.621773
-0.608293
 0.493334
 0.653689
-0.226907
 0.721945
-0.346165
 0.108949
 0.931826
 0.969087
 0.169674
 0.179112
 0.982386
-0.028355
-0.184700
 0.866461
 0.018986
 0.498883
 0.345004
-0.929492
-0.130452
-0.388419
 0.518785
 0.761572
-0.599309
-0.459575
 0.655454
 0.021711
 0.997509
 0.067112
-0.459078
-0.763562
 0.454115
-0.083373
 0.366642
 0.926619
