110
 0.098197
-0.720142
 0.686843
 0.676501
 0.724281
 0.133282
-0.546768
 0.741721
 0.388452
-0.226819
 0.616965
 0.753597
-0.893995
 0.378121
 0.240410
 0.713458
 0.497591
 0.493336
-0.439062
 0.254572
 0.861637
 0.037663
-0.493429
 0.868970
 0.761574
 0.263801
 0.591959
-0.422529
-0.016964
 0.906191
 0.225525
 0.117554
 0.967119
 0.642823
-0.136393
 0.753774
-0.247430
 0.380401
 0.891108
-0.609915
 0.563644
 0.557054
 0.168797
 0.566335
 0.806705
-0.714497
-0.690841
 0.110601
 0.368177
-0.703182
 0.608260
 0.938196
 0.318093
-0.136400
-0.395107
-0.289964
 0.871672
-0.440631
 0.495782
 0.748361
 0.630646
 0.126672
 0.765663
 0.238424
-0.121670
 0.963509
-0.788697
 0.189565
 0.584827
 0.000000
 0.000000
 1.000000
 0.204172
-0.846961
 0.490888
-0.128203
 0.989060
-0.072974
 0.796331
 0.551168
 0.249138
-0.106743
-0.986930
 0.120726
-0.200238
-0.906126
 0.372612
-0.230650
 0.125265
 0.964940
-0.649793
 0.745791
 0.146850
-0.913132
 0.169357
 0.370820
 0.378985
 0.803161
 0.459676
-0.568589
-0.411039
 0.712568
-0.041436
 0.485172
 0.873437
-0.322342
 0.863397
 0.388125
-0.752151
-0.266326
 0.602776
-0.720105
-0.477841
 0.503107
 0.452457
-0.004005
 0.891777
 0.394844
 0.486812
 0.779174
 0.460038
-0.793793
 0.397816
-0.057122
 0.927627
 0.369114
-0.607100
 0.113747
 0.786443
 0.516177
 0.616838
 0.594200
-0.648694
-0.662206
 0.375072
-0.360895
 0.932302
-0.023838
 0.247577
-0.355595
 0.901253
 0.511941
 0.858950
 0.011015
 0.455493
 0.856539
 0.242625
 0.788098
-0.010118
 0.615466
 0.609900
 0.698415
 0.374483
 0.254457
-0.570435
 0.780933
 0.203654
 0.350301
 0.914229
 0.658534
-0.366403
 0.657329
 0.663751
-0.674280
 0.323697
-0.526341
 0.836846
-0.150511
-0.183232
-0.398537
 0.898663
 0.034139
 0.990590
 0.132539
 0.848643
 0.528952
 0.003844
-0.935014
 0.354226
-0.016508
-0.333773
-0.927084
 0.170617
-0.291482
 0.918719
-0.266446
 0.468050
-0.477289
 0.743723
-0.416340
-0.800974
 0.430234
 0.000806
 0.707966
 0.706246
 0.768876
-0.469462
 0.434091
-0.745043
-0.033709
 0.666164
-0.055020
-0.834935
 0.547591
-0.701293
 0.708790
-0.076188
 0.594840
 0.385576
 0.705334
-0.820852
-0.509865
 0.257373
-0.277151
-0.740465
 0.612290
 0.995189
 0.096005
-0.019523
 0.110927
 0.841773
 0.528311
 0.925884
-0.099970
 0.364341
-0.631257
 0.351403
 0.691398
-0.740641
 0.588735
 0.323794
 0.905373
-0.322356
 0.276380
 0.969552
 0.113825
 0.216825
-0.017932
 0.248702
 0.968414
-0.985030
 0.127262
-0.116276
-0.512568
-0.623983
 0.589847
 0.460016
-0.253124
 0.851066
 0.867998
 0.348255
 0.353975
 0.204174
 0.926866
 0.315013
-0.538403
-0.812240
 0.224472
-0.398001
 0.702790
 0.589645
-0.123840
-0.636495
 0.761274
-0.964224
-0.078814
 0.253102
 0.015906
-0.250917
 0.967878
-0.825920
 0.557369
 0.084831
-0.354492
-0.533863
 0.767676
-0.935508
-0.334193
-0.114631
 0.887516
 0.124044
 0.443766
 0.433471
 0.246932
 0.866676
 0.278856
 0.957152
 0.078098
-0.786608
 0.400325
 0.470094
-0.875886
-0.297216
 0.380113
-0.211426
-0.138826
 0.967485
-0.043858
 0.945522
-0.322589
 0.584243
-0.597399
 0.549340
-0.879610
-0.058220
 0.472120
-0.211546
 0.960778
 0.179316
-0.979793
 0.149452
 0.132930
 0.814215
-0.240018
 0.528626
-0.585827
-0.168086
 0.792814
 0.282379
 0.704763
 0.650823
-0.165971
 0.807846
 0.565543
-0.829343
 0.528678
-0.180803
-0.460752
 0.869919
 0.175923
