142
-0.654083
 0.519868
 0.549466
 0.033724
 0.410635
 0.911176
-0.379102
-0.277866
 0.882651
-0.879756
-0.370819
 0.297527
 0.368395
-0.091178
 0.925187
 0.588742
 0.188570
 0.786018
 0.762464
-0.524738
 0.378549
-0.902048
 0.293330
 0.316650
 0.053115
-0.998588
-0.001185
-0.732851
 0.100294
 0.672956
-0.078811
-0.820842
 0.565692
-0.789032
 0.509202
 0.343718
-0.565392
-0.196803
 0.801000
 0.739504
-0.343548
 0.578885
-0.750202
 0.636850
 0.177816
 0.238391
 0.797257
 0.554573
 0.160947
-0.537035
 0.828064
-0.759668
-0.455276
 0.464358
-0.377977
 0.167582
 0.910521
 0.407605
 0.132748
 0.903458
 0.061852
-0.378322
 0.923605
 0.282007
-0.959380
-0.007903
-0.495067
 0.868789
 0.010689
 0.868609
 0.063293
 0.491439
-0.638694
 0.666445
 0.384606
 0.058019
-0.928754
-0.366128
-0.884388
 0.439730
 0.156511
 0.678756
-0.734364
 0.000400
-0.583023
 0.786670
 0.203064
 0.555313
-0.028551
 0.831151
-0.163179
 0.504163
 0.848052
 0.141776
-0.816119
 0.560223
 0.989641
 0.131114
 0.058479
 0.156120
-0.969140
 0.190773
 0.989622
 0.034964
-0.139373
 0.828432
-0.559752
 0.019431
-0.390676
 0.897287
 0.205544
 0.723425
 0.025713
 0.689924
 0.382210
 0.923295
 0.037969
 0.942011
 0.206762
 0.264320
 0.564978
-0.409228
 0.716472
-0.093042
 0.833272
 0.544979
-0.680219
 0.308666
 0.664851
 0.908370
-0.125395
 0.398924
 0.579763
-0.793248
 0.186098
 0.175371
-0.965849
-0.190736
-0.235876
-0.124681
 0.963752
-0.597183
-0.532006
 0.600285
 0.970588
-0.196004
-0.139792
-0.489961
 0.652711
 0.577846
-0.177072
-0.357735
 0.916881
 0.870622
-0.449231
 0.200522
 0.785096
 0.566875
-0.249554
 0.957764
 0.260689
-0.121368
 0.932933
 0.157353
-0.323846
-0.197087
-0.902352
 0.383298
-0.680701
-0.332558
 0.652726
-0.195527
 0.086795
 0.976850
 0.139407
 0.900849
 0.411140
 0.241414
-0.894705
 0.375796
-0.541339
 0.242576
 0.805052
-0.000000
-0.000000
 1.000000
-0.375692
-0.840970
-0.389390
-0.061738
-0.979299
-0.192775
 0.208822
 0.064346
 0.975835
 0.600557
 0.576282
 0.554284
 0.378127
-0.491937
 0.784231
 0.361937
-0.767175
 0.529569
 0.018829
 0.209701
 0.977584
 0.948883
-0.234428
 0.211338
-0.588060
 0.030035
 0.808259
 0.682455
 0.708062
 0.181393
 0.967951
 0.004198
 0.251106
 0.061188
 0.756648
 0.650953
 0.417017
 0.838913
-0.349745
 0.271660
 0.935609
 0.225470
-0.277249
-0.942915
 0.184509
 0.473773
 0.867903
-0.149274
 0.731090
 0.583975
 0.352818
 0.744926
 0.226429
 0.627547
-0.269397
 0.879549
 0.392198
-0.302259
 0.758285
 0.577619
 0.033826
-0.695602
 0.717630
-0.173904
-0.984741
-0.006507
 0.606434
 0.391417
 0.692120
 0.253764
 0.647766
 0.718334
-0.857395
-0.047929
 0.512422
 0.942489
-0.066736
-0.327507
-0.499723
-0.415255
 0.760158
 0.651476
-0.197098
 0.732620
-0.341686
 0.586328
 0.734486
-0.299540
-0.498043
 0.813774
 0.596282
 0.802724
 0.009029
-0.747058
-0.662531
 0.054375
-0.623828
-0.746593
 0.231165
 0.734599
-0.646343
 0.206410
 0.429425
 0.343620
 0.835176
-0.600553
 0.687271
-0.408650
 0.473395
-0.620315
 0.625385
-0.230288
-0.278443
-0.932436
-0.522294
 0.460722
 0.717596
 0.451411
-0.819075
 0.354039
 0.258889
-0.670835
 0.694951
-0.420202
-0.046080
 0.906260
-0.143526
 0.682977
 0.716200
-0.826908
-0.256884
 0.500233
-0.463384
 0.790070
 0.401329
-0.063504
-0.978443
 0.196509
 0.857011
 0.261804
 0.443835
-0.072020
-0.540243
 0.838422
-0.405273
-0.619066
 0.672689
 0.023847
-0.920644
 0.389675
-0.790199
 0.362493
 0.494150
 0.854943
-0.331942
 0.398607
-0.178865
 0.302663
 0.936164
-0.493499
-0.714784
 0.495523
-0.858497
-0.422267
-0.290986
 0.441063
 0.533185
 0.721926
-0.848206
 0.162956
 0.503975
 0.172921
-0.162333
 0.971466
-0.373985
 0.910430
-0.176786
-0.041269
-0.202715
 0.978368
 0.278967
-0.336728
 0.899328
 0.994189
-0.095211
 0.050230
 0.932742
 0.349002
 0.090504
 0.430438
 0.701070
 0.568528
-0.727492
-0.119013
 0.675716
 0.568414
 0.727188
 0.384840
 0.823905
 0.553602
 0.121265
 0.802485
-0.138478
 0.580380
-0.940818
 0.338240
-0.021359
 0.047200
 0.594907
 0.802408
-0.361932
 0.386654
 0.848236
 0.470657
-0.260542
 0.842971
 0.497034
 0.843028
 0.205575
 0.744888
 0.428537
 0.511369
 0.879103
 0.469471
-0.082315
 0.643177
-0.531312
 0.551390
-0.656501
-0.636841
 0.404277
-0.190888
-0.677228
 0.710580
-0.293729
-0.785150
 0.545218
 0.244501
 0.474823
 0.845436
