40
 0.558523
-0.643113
 0.523886
 0.118807
 0.947226
 0.297739
 0.147131
-0.682186
 0.716222
 0.285042
-0.883821
 0.370960
 0.335250
-0.044445
 0.941080
 0.873413
 0.184236
 0.450784
 0.499484
 0.804442
 0.321540
 0.031536
-0.994644
 0.098427
-0.832278
 0.540204
 0.124473
-0.832799
-0.464545
 0.301072
-0.350077
-0.199964
 0.915129
 0.822155
-0.501563
 0.269251
-0.896134
-0.097505
 0.432939
 0.354502
 0.931427
-0.082298
-0.382487
 0.224761
 0.896207
 0.972570
-0.171596
-0.157042
-0.675831
 0.026545
 0.736579
 0.577818
-0.810686
 0.094418
 0.179984
-0.807595
-0.561602
-0.480516
 0.539719
 0.691236
-0.138537
-0.871912
 0.469657
-0.025579
 0.097641
 0.994893
 0.519215
 0.729128
-0.445857
 0.637324
 0.120443
 0.761125
 0.442010
-0.392731
 0.806467
-0.962447
 0.132955
-0.236682
 0.761366
-0.236438
 0.603671
 0.635300
 0.388715
-0.667304
-0.268758
-0.589576
 0.761689
 0.686201
 0.725438
-0.053554
 0.973461
 0.228837
 0.002569
 0.818706
 0.518341
 0.247070
 0.304040
 0.375695
 0.875450
 0.299135
-0.937617
-0.177181
-0.581244
 0.729844
 0.359837
 0.030601
-0.342747
 0.938929
 0.789913
-0.345411
-0.506684
-0.076637
 0.518479
 0.851649
 0.232583
 0.727661
 0.645302
 0.602447
 0.514123
 0.610520
