99
 0.805055
 0.591947
 0.038544
 0.400332
 0.652555
 0.643355
-0.415404
 0.759269
 0.500950
 0.808173
-0.203275
-0.552753
-0.501568
-0.171721
-0.847904
-0.859239
 0.510659
-0.030607
-0.810419
 0.495893
-0.311947
 0.712379
-0.686224
 0.147011
-0.614950
-0.639024
 0.462044
-0.295812
-0.921893
 0.250216
-0.638795
-0.439359
 0.631589
-0.759829
-0.025812
 0.649611
-0.734265
-0.643706
 0.215633
 0.710646
-0.204854
 0.673065
-0.630958
 0.650673
-0.422512
-0.792708
-0.490699
-0.361701
 0.907230
 0.391033
 0.155009
-0.386223
 0.161559
 0.908147
 0.279892
-0.488418
 0.826504
 0.044684
 0.899845
 0.433915
-0.202012
 0.465726
 0.861563
 0.146089
 0.757516
 0.636261
-0.756701
 0.445124
 0.478819
 0.547411
 0.709785
 0.443336
-0.205435
-0.509963
 0.835305
-0.195401
-0.714996
 0.671267
-0.846460
-0.265729
-0.461404
-0.174646
-0.019156
 0.984445
-0.928871
-0.229052
 0.291092
 0.393421
-0.784796
 0.478868
-0.156075
-0.872640
 0.462752
 0.687402
 0.042773
 0.725016
 0.511469
-0.110419
 0.852178
-0.798695
-0.459035
 0.389067
-0.708123
 0.695125
 0.123952
-0.319305
 0.933337
-0.164095
-0.556104
 0.556233
 0.617538
 0.253986
-0.695788
 0.671841
 0.051883
 0.401229
 0.914507
-0.233967
 0.899662
 0.368602
-0.639944
 0.307777
 0.704092
-0.431987
-0.595076
 0.677696
 0.225196
 0.948058
 0.224660
 0.486987
-0.584826
 0.648708
-0.314935
 0.636212
 0.704308
 0.053716
-0.811865
 0.581369
 0.191646
-0.902878
 0.384815
-0.649227
 0.658382
 0.380838
-0.804326
-0.253064
 0.537605
 0.943683
-0.074442
 0.322366
 0.029927
-0.617933
 0.785661
 0.531242
-0.847218
-0.001968
-0.493149
 0.829472
 0.262259
 0.231979
 0.547788
 0.803812
-0.427382
-0.373806
 0.823173
-0.956089
 0.283820
 0.073072
-0.616359
-0.210269
 0.758873
 0.285720
 0.293242
 0.912345
-0.904843
-0.011112
 0.425601
 0.953519
 0.165578
 0.251765
-0.980146
-0.197065
 0.021900
 0.845738
 0.017089
 0.533325
 0.107138
-0.993026
 0.049211
 0.982805
-0.025582
-0.182864
 0.077577
 0.127737
 0.988769
-0.039247
 0.978752
 0.201257
-0.022099
-0.963597
 0.266445
 0.530494
 0.808425
-0.255001
-0.397500
-0.778998
 0.484929
-0.590490
 0.072882
 0.803748
-0.894628
-0.426480
 0.133247
 0.044219
-0.391477
 0.919125
-0.911990
 0.253896
 0.322198
-0.154182
 0.236875
 0.959228
 0.060706
-0.138439
 0.988509
-0.150452
-0.988376
 0.021838
 0.688131
 0.685269
 0.238498
-0.306570
 0.944581
 0.117393
-0.192999
-0.273175
 0.942405
 0.995983
-0.054409
 0.071116
-0.848306
 0.267815
-0.456784
-0.412314
-0.113310
 0.903968
 0.691883
-0.443745
 0.569551
 0.477418
 0.426997
 0.767949
-0.516835
 0.816007
-0.258872
-0.029489
 0.634423
 0.772423
-0.435506
 0.396375
 0.808221
 0.933975
-0.303659
 0.188368
 0.837865
-0.493886
-0.232506
-0.473114
-0.851294
-0.226853
 0.512881
-0.359809
 0.779417
-0.643557
-0.511628
-0.569272
-0.138963
 0.795081
 0.590369
 0.303111
 0.014832
 0.952840
-0.621392
-0.783476
 0.006110
 0.291095
-0.250808
 0.923233
 0.310817
 0.837377
 0.449658
-0.399799
-0.916520
 0.012340
 0.691265
 0.285524
 0.663798
