63
 0.557048
 0.254557
 0.790505
 0.501828
-0.856777
 0.118753
 0.366133
-0.832181
 0.416439
 0.458902
-0.342363
 0.819876
 0.876786
-0.393604
 0.276264
 0.684179
-0.418767
 0.597104
-0.504411
-0.622034
 0.598868
 0.763420
 0.588533
 0.266118
 0.378565
 0.925263
 0.024027
-0.973098
-0.005409
 0.230330
 0.036207
 0.539129
 0.841445
-0.153898
 0.260962
 0.953003
 0.459908
 0.699647
 0.546790
 0.540504
 0.799090
 0.263271
-0.893126
 0.264375
 0.363912
-0.734197
 0.548949
 0.399512
 0.189445
-0.236455
 0.952995
 0.082573
-0.753309
 0.652463
-0.094532
 0.914517
 0.393347
 0.404328
-0.625886
 0.666922
-0.893846
-0.316945
 0.317153
-0.629940
 0.756256
 0.176786
-0.333618
 0.925140
 0.181148
-0.445620
 0.770837
 0.455230
 0.293398
-0.505611
-0.811341
-0.729767
 0.241250
 0.639717
 0.060323
-0.918212
 0.391468
-0.210101
-0.597555
 0.773812
-0.552993
 0.522508
 0.648987
 0.868961
 0.493684
-0.034392
 0.639407
-0.655156
 0.402404
-0.481084
 0.225299
 0.847230
 0.126826
-0.519656
 0.844910
-0.625969
-0.073665
 0.776361
-0.479368
-0.821721
 0.308191
-0.181997
-0.960933
 0.208531
 0.802857
 0.156738
 0.575198
 0.237577
 0.906435
 0.349188
 0.980397
 0.196412
 0.015613
 0.144655
 0.763767
 0.629074
-0.724790
-0.595435
 0.346607
-0.844126
-0.054426
 0.533376
-0.186549
 0.743670
 0.641993
 0.845555
-0.166505
 0.507261
 0.648531
-0.082191
 0.756737
-0.144061
-0.319350
 0.936623
-0.237930
-0.814969
 0.528408
 0.754640
-0.646528
 0.111892
-0.333825
-0.053261
 0.941129
 0.383661
 0.012884
 0.923384
 0.897479
 0.313172
 0.310570
-0.196705
 0.974233
-0.110349
-0.454846
-0.360333
 0.814417
 0.200471
 0.270688
 0.941562
 0.680149
 0.467463
 0.564691
 0.979258
-0.201661
 0.019660
 0.364240
 0.509525
 0.779560
-0.875779
 0.470288
 0.108808
-0.664927
-0.745382
 0.047733
-0.713694
-0.359820
 0.600975
-0.000000
-0.000000
 1.000000
 0.962848
-0.010571
 0.269836
 0.039092
 0.994194
 0.100253
