41
 0.570240
-0.503812
 0.648845
-0.213208
-0.976102
 0.042047
-0.457635
-0.131533
 0.879357
 0.316770
-0.807971
 0.496830
 0.624689
-0.735275
 0.262935
-0.195457
-0.699901
 0.686975
 0.311562
-0.246405
 0.917722
-0.825116
 0.560457
 0.071214
 0.889796
-0.039074
 0.454683
-0.652207
-0.285222
-0.702335
-0.900608
 0.221247
 0.374105
 0.526334
 0.487232
-0.696834
 0.244279
-0.961976
 0.122185
 0.000000
 0.000000
 1.000000
 0.041279
 0.443230
 0.895457
 0.351628
 0.178778
 0.918910
-0.077842
 0.967549
 0.240394
-0.465230
-0.801424
 0.375873
 0.975310
-0.219224
 0.026687
 0.835478
-0.413691
 0.361714
 0.768507
 0.143169
-0.623618
-0.573996
-0.818799
-0.009854
-0.535477
 0.836017
 0.119751
-0.983473
-0.153943
-0.095302
 0.381211
 0.589665
 0.712021
 0.178675
-0.592369
 0.785604
-0.943716
-0.173476
 0.281615
-0.355285
 0.812979
 0.461343
-0.620613
-0.677921
-0.394034
 0.844211
 0.371366
 0.386516
-0.137437
-0.366020
 0.920402
-0.357821
 0.558649
 0.748248
-0.843430
-0.537235
-0.002233
 0.649835
-0.123856
 0.749916
-0.307755
 0.222194
 0.925158
-0.295019
-0.882404
-0.366506
-0.687405
 0.565538
 0.455675
-0.057362
-0.915503
 0.398200
 0.759638
 0.528964
-0.378348
-0.661319
 0.241290
 0.710237
 0.015192
 0.767478
 0.640896
