23
 0.461401
-0.470194
 0.752347
-0.001035
-0.702076
 0.712101
 0.335322
 0.027683
 0.941697
-0.165846
 0.814522
 0.555922
 0.663968
 0.730147
-0.161344
 0.801328
-0.534568
 0.268534
 0.604447
-0.778192
-0.170471
 0.411647
 0.852388
 0.322461
-0.640902
-0.026697
 0.767158
 0.788165
-0.084222
 0.609674
-0.080094
 0.992163
 0.095902
 0.223489
 0.927836
-0.298619
 0.991384
-0.050116
 0.121023
 0.903221
 0.247278
-0.350777
-0.871316
-0.449293
-0.197343
 0.896749
-0.315784
-0.310034
-0.525387
-0.541060
 0.656675
-0.188149
 0.259579
 0.947216
 0.200720
 0.574644
 0.793408
-0.128638
-0.262416
 0.956342
 0.378311
-0.859291
 0.344239
 0.644524
 0.418362
 0.639971
-0.564167
 0.497659
 0.658826
