35
 0.322845
 0.739190
 0.591075
 0.952764
-0.275224
 0.128425
-0.435735
 0.871470
-0.225112
 0.822539
-0.152951
 0.547755
-0.163205
 0.785170
 0.597387
 0.552607
-0.029060
 0.832935
 0.220823
-0.329362
 0.918019
 0.265105
 0.866584
-0.422791
 0.659292
 0.675265
 0.330685
-0.203207
-0.263415
 0.943037
-0.011602
 0.507891
 0.861343
-0.491542
 0.444266
 0.749009
 0.829314
 0.329633
-0.451199
-0.589689
-0.148796
 0.793805
-0.786395
 0.142270
 0.601118
 0.443586
 0.895704
 0.030746
 0.752972
 0.329843
 0.569418
 0.655995
 0.703730
-0.272826
 0.955898
 0.155214
 0.249334
 0.506293
-0.505363
 0.698767
-0.004827
 0.990475
-0.137610
 0.141870
 0.096952
 0.985126
 0.421916
 0.400296
 0.813480
-0.313556
 0.929918
 0.192185
-0.579323
 0.685339
 0.441243
 0.980918
 0.052353
-0.187243
 0.122013
 0.948813
 0.291320
-0.290694
 0.157443
 0.943774
-0.078173
-0.635601
 0.768050
-0.211441
 0.807358
-0.550877
-0.497337
-0.557741
 0.664515
 0.734731
-0.565231
 0.375080
-0.878318
 0.379100
 0.291275
 0.873713
 0.486357
 0.009089
-0.723907
 0.688934
 0.036449
