146
-0.519152
 0.284120
 0.806075
-0.480134
 0.873235
 0.083264
-0.016287
-0.617812
 0.786157
-0.328461
-0.452560
 0.829037
 0.504740
-0.720432
 0.475620
 0.037913
-0.888072
-0.458138
 0.353677
 0.844974
 0.401164
-0.705503
-0.574626
 0.414814
 0.295690
-0.936546
 0.188280
-0.877781
 0.467818
-0.103187
 0.204109
-0.226657
 0.952348
-0.780033
 0.624665
 0.036641
-0.756142
-0.620985
 0.206462
-0.858011
-0.495855
-0.133959
-0.592501
-0.741103
 0.315768
-0.779267
-0.376571
 0.500937
 0.851080
-0.037754
 0.523678
-0.253120
 0.573423
 0.779177
 0.118771
 0.529459
 0.839980
 0.691866
-0.600865
 0.400353
-0.384534
-0.263125
 0.884816
 0.497751
 0.409033
 0.764811
 0.120253
-0.741083
 0.660557
 0.221053
-0.594028
 0.773477
 0.173436
-0.022443
 0.984589
 0.582266
-0.562075
 0.587400
-0.026908
-0.083642
 0.996132
 0.994077
 0.107837
-0.013520
-0.276196
 0.934736
 0.223574
 0.260668
-0.817877
 0.512961
 0.523197
 0.576063
 0.628025
-0.381143
 0.659714
 0.647694
-0.628580
-0.770438
 0.106359
 0.009939
 0.133584
 0.990988
-0.972725
-0.115638
-0.201084
 0.149197
 0.930533
 0.334438
 0.324524
 0.925687
 0.194390
-0.320210
 0.380342
 0.867644
 0.286260
 0.394208
 0.873301
 0.695832
 0.661230
 0.280344
 0.958181
-0.285501
 0.019458
-0.558936
-0.156855
 0.814240
-0.468319
 0.481613
 0.740761
-0.052831
-0.948945
 0.310987
-0.816963
 0.086280
 0.570200
-0.685304
 0.190468
 0.702908
 0.220601
 0.203248
 0.953953
-0.225708
-0.619712
 0.751674
-0.703531
-0.037771
 0.709660
-0.161779
 0.253721
 0.953653
-0.096649
 0.984476
-0.146510
 0.481063
 0.875787
 0.039696
 0.292588
-0.956059
-0.018505
-0.567404
 0.595051
 0.569181
-0.612055
 0.693632
 0.379821
 0.626433
-0.375862
 0.682869
-0.365862
 0.169021
 0.915192
 0.399736
-0.153112
 0.903752
 0.627471
 0.213009
 0.748937
-0.906718
-0.031953
 0.420525
-0.460048
 0.839838
 0.288146
 0.085560
-0.994274
-0.064022
-0.001284
 0.778068
 0.628179
 0.549687
 0.029874
 0.834836
 0.597405
-0.753241
 0.275201
-0.065428
 0.961333
 0.267505
-0.949756
-0.307407
-0.058867
 0.061978
 0.342469
 0.937483
-0.259938
-0.932289
 0.251536
 0.433403
-0.518657
 0.736992
-0.799612
 0.294553
 0.523315
-0.206670
 0.764424
 0.610691
-0.402943
-0.825843
 0.394486
 0.481407
-0.866721
 0.130541
 0.470394
-0.326543
 0.819817
-0.896882
-0.244251
 0.368706
 0.340149
 0.563574
 0.752784
 0.002432
-0.285167
 0.958475
 0.367221
 0.721920
 0.586499
 0.645086
-0.762545
 0.048875
 0.756599
-0.211669
 0.618671
-0.439151
-0.581095
 0.685182
 0.511172
 0.818890
 0.261001
-0.054807
 0.638331
 0.767808
 0.400083
-0.846921
 0.350225
 0.439391
 0.235228
 0.866950
 0.541415
 0.713410
 0.444876
-0.137686
-0.435607
 0.889544
 0.283893
-0.401682
 0.870664
-0.773605
-0.633520
-0.013716
-0.900789
-0.140172
-0.411012
 0.670423
 0.388438
 0.632178
-0.726130
 0.506978
 0.464443
 0.181047
 0.831238
 0.525609
 0.750432
-0.418144
 0.511867
 0.835241
-0.450400
 0.315456
 0.362587
 0.046128
 0.930808
 0.989940
-0.092722
-0.106871
 0.083364
-0.461319
 0.883309
-0.203084
-0.211986
 0.955939
-0.104328
-0.990274
 0.092054
-0.107904
-0.761721
 0.638857
-0.845712
-0.442138
 0.298807
 0.679245
 0.549527
 0.486463
-0.424967
 0.768263
 0.478722
-0.948133
-0.273850
 0.161403
-0.943404
 0.267275
 0.196346
 0.942731
-0.067772
 0.326597
 0.756685
-0.625759
 0.189350
 0.811316
 0.341937
 0.474179
-0.195982
-0.866828
 0.458476
 0.605430
-0.167314
 0.778113
-0.299071
-0.953816
 0.028143
-0.880141
-0.466615
 0.087307
-0.639923
 0.749080
 0.171398
 0.866214
-0.248533
 0.433480
-0.453402
-0.872267
 0.183238
-0.200772
 0.032437
 0.979101
-0.549335
 0.066090
 0.832985
 0.782247
 0.175453
 0.597751
 0.362564
-0.685212
 0.631690
 0.933654
-0.273715
 0.231021
 0.989820
-0.086202
 0.113253
 0.880914
-0.458007
-0.119251
-0.104769
 0.455484
 0.884058
 0.718578
 0.000135
 0.695446
-0.627070
-0.494438
 0.601925
 0.177491
 0.688147
 0.703527
-0.683723
-0.275878
 0.675584
-0.247085
 0.871974
 0.422623
 0.805163
 0.494315
 0.327665
-0.524725
-0.383748
 0.759869
-0.812064
-0.156943
 0.562068
-0.123819
-0.984275
-0.125984
 0.911000
 0.310555
 0.271356
-0.384113
-0.052957
 0.921766
-0.970480
-0.063658
 0.232629
-0.853649
 0.395149
 0.339323
 0.024770
-0.862535
 0.505391
-0.650000
 0.398188
 0.647261
-0.325134
-0.741775
 0.586565
-0.645052
-0.756198
-0.109874
-0.528016
-0.677825
 0.511618
 0.163950
-0.920417
 0.354899
-0.765757
 0.588473
 0.259455
-0.914713
 0.165370
 0.368718
