47
-0.235568
-0.268822
 0.933939
-0.354819
-0.154863
-0.922020
-0.945400
 0.252190
-0.206446
-0.753631
-0.405973
 0.516940
-0.347493
 0.929743
 0.121764
-0.857169
 0.515027
 0.002750
 0.014396
 0.369920
 0.928952
-0.863474
-0.020151
 0.503991
-0.106241
-0.915288
 0.388537
-0.480319
-0.738059
 0.473881
 0.629100
-0.767652
 0.122246
-0.168153
-0.696892
 0.697184
 0.295252
 0.790159
 0.537099
-0.020288
 0.697935
 0.715873
-0.841834
-0.330980
-0.426343
 0.274851
-0.925622
 0.260157
-0.603880
-0.138815
 0.784894
-0.324496
 0.482091
 0.813812
-0.308871
-0.929494
-0.201591
 0.633596
-0.155534
 0.757869
-0.850171
 0.373363
 0.371227
 0.299348
-0.209948
 0.930759
-0.661090
 0.222194
 0.716652
 0.068233
-0.481456
 0.873810
-0.769491
 0.440603
-0.462334
 0.000000
-0.000000
 1.000000
-0.535437
 0.712932
-0.452808
-0.730775
-0.648636
 0.212697
 0.861626
-0.042472
 0.505764
 0.629290
 0.758702
 0.168419
-0.643732
 0.722412
 0.252449
-0.463002
-0.479482
 0.745470
 0.645513
 0.241953
 0.724411
 0.015388
 0.999488
-0.028046
-0.600231
 0.551472
 0.579312
-0.348733
 0.123167
 0.929094
 0.347116
 0.510927
 0.786425
-0.935614
-0.277447
 0.218286
-0.980745
 0.115406
 0.157544
 0.035249
-0.931276
-0.362606
 0.459658
-0.493888
 0.738098
-0.865999
-0.490811
-0.095657
-0.982639
-0.120539
-0.141032
-0.413147
-0.898248
 0.149865
 0.614240
 0.603194
 0.508788
-0.192843
 0.766002
-0.613231
-0.333980
 0.793001
 0.509516
