46
 0.695433
 0.252224
 0.672871
-0.315506
 0.800360
 0.509785
 0.693347
 0.576227
 0.432703
 0.820390
-0.114337
 0.560256
 0.810799
 0.041318
-0.583865
 0.892979
-0.444929
-0.068017
-0.381466
-0.466025
 0.798313
-0.660932
 0.694959
 0.283197
-0.032971
-0.886047
 0.462421
 0.663946
-0.743873
 0.076341
-0.024528
 0.938980
 0.343095
 0.848983
 0.524501
 0.064240
-0.568647
 0.551431
 0.610380
 0.831876
-0.445710
 0.330642
 0.395598
 0.236689
 0.887401
-0.360723
-0.904350
 0.228100
 0.577381
-0.693169
 0.431448
-0.322062
 0.906745
-0.272193
-0.892349
-0.326999
 0.311104
-0.232602
 0.135109
 0.963142
 0.142252
-0.011309
 0.989766
 0.278696
-0.709243
 0.647536
-0.125915
-0.253818
 0.959021
 0.408239
 0.564120
 0.717711
-0.266410
 0.509866
 0.817962
 0.366453
 0.811359
 0.455421
-0.825321
 0.339325
 0.451336
-0.581493
 0.224931
 0.781839
-0.684826
-0.424360
 0.592395
-0.052206
-0.630855
 0.774142
-0.968247
 0.085558
 0.234901
 0.593779
-0.424308
 0.683659
 0.028069
-0.996452
 0.079344
-0.687420
-0.672427
 0.274403
 0.042562
 0.730393
 0.681700
-0.397632
-0.736256
 0.547555
 0.604551
 0.789957
 0.102403
-0.516896
-0.126197
 0.846695
 0.248122
-0.386963
 0.888085
-0.898079
-0.234008
-0.372417
 0.365573
-0.921872
-0.128483
 0.066355
 0.401248
 0.913563
 0.971788
-0.143029
 0.187538
 0.531045
-0.103411
 0.841010
-0.274516
-0.953110
-0.127367
-0.982801
-0.183905
-0.016781
