105
-0.660053
 0.282320
 0.696151
 0.228505
 0.152326
 0.961552
 0.443662
 0.795300
 0.413112
-0.888348
-0.107785
 0.446341
-0.173847
 0.933987
 0.312162
 0.088304
-0.434199
 0.896478
 0.668816
-0.665909
 0.330530
-0.209140
 0.628920
 0.748813
-0.741690
-0.179777
 0.646201
 0.468896
-0.830915
 0.299528
 0.695031
-0.275391
 0.664148
 0.608804
-0.042373
 0.792188
-0.447356
 0.461154
 0.766296
-0.251971
 0.187220
 0.949452
-0.195148
 0.979178
 0.055919
-0.790035
-0.370868
 0.488162
-0.440060
-0.027983
 0.897532
 0.531100
-0.503684
 0.681348
-0.415833
-0.897380
 0.147620
 0.666822
 0.195458
 0.719127
 0.060911
-0.639173
 0.766647
-0.982651
 0.171235
 0.071244
 0.672035
 0.420277
 0.609702
-0.588754
 0.701759
 0.401128
-0.980093
-0.047725
 0.192717
 0.767205
 0.639479
-0.049627
-0.614678
-0.437908
 0.656054
-0.926402
 0.138063
 0.350310
 0.605516
 0.760926
 0.233113
 0.594519
 0.804021
-0.009868
-0.402315
-0.494725
 0.770318
-0.200999
-0.839426
 0.504939
-0.978478
-0.206261
 0.006122
-0.219562
-0.975580
-0.005981
 0.232102
-0.948230
 0.216770
 0.788489
-0.035805
 0.614005
 0.007030
 0.323228
 0.946295
 0.787360
 0.537899
-0.301211
 0.829767
 0.196524
 0.522365
 0.267997
-0.849910
 0.453686
-0.623231
-0.738138
 0.258330
 0.035977
 0.983717
 0.176086
 0.250317
 0.787397
 0.563336
 0.903436
-0.361105
-0.231100
-0.472787
 0.227035
 0.851427
 0.478702
 0.424966
 0.768276
-0.019359
 0.085332
 0.996165
 0.287744
-0.700820
 0.652728
-0.818404
-0.414687
-0.397805
-0.186511
-0.684940
 0.704323
 0.463349
 0.194653
 0.864533
-0.629688
 0.509368
 0.586546
 0.408648
 0.901459
 0.142753
 0.844367
-0.446451
 0.296185
 0.391647
-0.046709
 0.918929
 0.950106
-0.227608
 0.213292
-0.225810
 0.419753
 0.879100
-0.422345
 0.665319
 0.615610
-0.789928
 0.602638
-0.113318
-0.762360
 0.535136
 0.363917
 0.623525
-0.777233
 0.084405
-0.499318
 0.693798
-0.518966
 0.041413
-0.807893
 0.587873
 0.917315
-0.397240
 0.027082
 0.550350
 0.241053
-0.799380
-0.325787
-0.287908
 0.900540
-0.940042
-0.189712
-0.283427
 0.280815
-0.280884
 0.917740
 0.001647
-0.994166
 0.107846
 0.262999
 0.605298
 0.751296
 0.317859
-0.507979
 0.800577
 0.133255
-0.101889
 0.985831
 0.707724
-0.489663
 0.509271
-0.413968
 0.890731
 0.187693
-0.993101
 0.004183
-0.117187
 0.024244
 0.542975
 0.839399
 0.894764
 0.437719
-0.088311
-0.806202
 0.084775
 0.585536
 0.503409
-0.282360
 0.816610
 0.921103
-0.030969
 0.388085
 0.474986
 0.629361
 0.615056
 0.254023
 0.390463
 0.884879
-0.641864
 0.025712
 0.766387
 0.236192
 0.919254
 0.314939
-0.417682
-0.678246
 0.604587
 0.625405
-0.763001
-0.163395
-0.379984
 0.824666
 0.418972
-0.426196
-0.814755
 0.393104
 0.033660
 0.734446
 0.677832
 0.778449
 0.595673
 0.197968
-0.655263
-0.613722
-0.440428
-0.062937
-0.258043
 0.964081
 0.623813
 0.614690
-0.482714
-0.798311
 0.588261
 0.129029
-0.181697
 0.805357
 0.564257
-0.205071
-0.941390
 0.267827
 0.025037
-0.929344
 0.368364
-0.419100
 0.906258
-0.055246
-0.905690
-0.394711
-0.154689
-0.810122
 0.323294
 0.489064
 0.033242
 0.890975
 0.452834
 0.846794
-0.257586
 0.465391
-0.161658
-0.488147
 0.857659
-0.211941
-0.067897
 0.974921
-0.916804
-0.286190
 0.278505
