755
-0.9994266714825543
0
-0.033857470804872
-0.9963958764033671
0
0.08482486360947544
-0.9916866386330564
-0.12860074160506021
0.004411350734000926
-0.9916866386330564
0.12860074160506021
0.004411350734000926
-0.98607357578129
0
-0.16630966041063486
-0.9857439588996775
-0.12048320108981783
0.11744209529781555
-0.9857439588996775
0.12048320108981783
0.11744209529781555
-0.9830738669028043
-0.13576245663339054
-0.1230216549296677
-0.9830738669028043
0.13576245663339054
-0.1230216549296677
-0.9822469463768458
0
0.1875924740850802
-0.9683162594941432
-0.24649537802113122
0.04004560167472076
-0.9683162594941432
0.24649537802113122
0.04004560167472076
-0.967244736312809
-0.08971798394659967
0.2374622147452561
-0.967244736312809
0.08971798394659967
0.2374622147452561
-0.9621351351385714
-0.2605138798701924
-0.0801779279282143
-0.9621351351385714
0.2605138798701924
-0.0801779279282143
-0.9614507908933246
-0.22165711242617028
0.16272830485656992
-0.9614507908933246
0.22165711242617028
0.16272830485656992
-0.9551169259871324
-0.14106195520847561
-0.2604864343601271
-0.9551169259871324
0.14106195520847561
-0.2604864343601271
-0.9517112057440018
0
-0.3069947570583225
-0.9465965938004058
0
0.32242036009760555
-0.9389619707336497
-0.271524913266781
-0.21124544726797656
-0.9389619707336497
0.271524913266781
-0.21124544726797656
-0.9373125561577
-0.19116759016150822
0.2913762593983249
-0.9373125561577
0.19116759016150822
0.2913762593983249
-0.931509891817533
-0.35476868706133874
0.0801779279282143
-0.931509891817533
0.35476868706133874
0.0801779279282143
-0.9282706578194226
-0.36974306703169696
-0.040045601674720765
-0.9282706578194226
0.36974306703169696
-0.040045601674720765
-0.9196658769956819
-0.0930563708211101
0.38151695445860245
-0.9196658769956819
0.0930563708211101
0.38151695445860245
-0.9192345310435216
-0.3322397296317068
0.21124544726797656
-0.9192345310435215
0.3322397296317067
0.21124544726797653
-0.9081168108377711
-0.38580222481518056
-0.1627283048565699
-0.9081168108377711
0.38580222481518056
-0.1627283048565699
-0.905039215834912
-0.14364161499041464
-0.4003387368765019
-0.905039215834912
0.14364161499041464
-0.4003387368765019
-0.895768418755139
-0.2779306951014105
-0.3469199744629367
-0.895768418755139
0.2779306951014105
-0.3469199744629367
-0.8944271909999159
0
-0.447213595499958
-0.8882250561447018
0
0.45940858681215463
-0.8882250561447018
0
0.45940858681215474
-0.8880554375372868
-0.3016688104181361
0.34691997446293665
-0.8880554375372868
0.3016688104181361
0.34691997446293665
-0.8778809630980393
-0.47885859563629063
-0.004411350734000925
-0.8778809630980393
0.47885859563629063
-0.004411350734000925
-0.8751226348743671
0.19647727299831622
0.4422183342260814
-0.8751226348743671
0.4680021862650972
0.12302165492966767
-0.875122634874367
-0.4680021862650972
0.12302165492966767
-0.875122634874367
-0.19647727299831622
0.4422183342260814
-0.8706672771858278
-0.39628066808369156
-0.2913762593983249
-0.8706672771858278
0.39628066808369156
-0.2913762593983249
-0.8683018636018623
-0.48193280435927155
-0.1174420952978156
-0.8683018636018623
0.48193280435927155
-0.1174420952978156
-0.8556199616698325
0.44728212428674363
0.2604864343601271
-0.8556199616698322
-0.44728212428674363
0.2604864343601271
-0.8468638011056542
-0.09425480719114633
0.5233906129252252
-0.8468638011056542
0.09425480719114633
0.5233906129252252
-0.8352523372260013
-0.4959488176483333
-0.2374622147452561
-0.8352523372260013
0.4959488176483333
-0.2374622147452561
-0.8351224597613233
-0.22824303804682877
-0.5004753668117452
-0.8351224597613233
0.22824303804682877
-0.5004753668117452
-0.8295223498394129
-0.08877540026300262
-0.5513724688674999
-0.8295223498394129
0.08877540026300262
-0.5513724688674999
-0.8234755272545975
-0.35543072586240004
-0.4422183342260814
-0.8234755272545975
0.35543072586240004
-0.4422183342260814
-0.8166225290930591
-0.41576019618739724
0.4003387368765019
-0.8166225290930591
0.41576019618739724
0.4003387368765019
-0.8097861540334746
0.306220169078268
0.5004753668117451
-0.8097861540334745
-0.306220169078268
0.5004753668117451
-0.8085531618609739
-0.5874482582451998
0.033857470804871996
-0.8085531618609739
0.5874482582451998
0.033857470804871996
-0.8081338527952605
0
0.5889988760314302
-0.8061011971354436
-0.585666801594933
-0.08482486360947541
-0.8061011971354436
0.585666801594933
-0.08482486360947541
-0.7987224860367548
-0.46528185410555045
-0.38151695445860245
-0.7987224860367548
0.46528185410555045
-0.38151695445860245
-0.7977502805111363
0.5795995055195465
0.16630966041063483
-0.7977502805111361
-0.5795995055195465
0.16630966041063483
-0.794654472291766
-0.5773502691896257
-0.1875924740850802
-0.794654472291766
0.5773502691896257
-0.1875924740850802
-0.7868988425360586
0.19647727299831622
0.5849674288458774
-0.7868988425360585
-0.19647727299831622
0.5849674288458774
-0.7699505391839696
0.5594018111778118
0.3069947570583225
-0.7699505391839695
-0.5594018111778118
0.3069947570583225
-0.7658127312019672
-0.5563955177061672
-0.32242036009760555
-0.7658127312019672
0.5563955177061672
-0.32242036009760555
-0.7609618011718721
0
-0.6487966839906476
-0.7525262214051114
-0.0930563708211101
0.6519545980720968
-0.7525262214051114
0.0930563708211101
0.6519545980720968
-0.7521009799446995
-0.3035740818246284
-0.5849674288458774
-0.7521009799446995
0.3035740818246284
-0.5849674288458774
-0.7496516053274307
-0.17177061608955554
-0.6391536013183533
-0.7496516053274307
0.17177061608955554
-0.6391536013183533
-0.7405287926400659
-0.4215203121710784
-0.5233906129252252
-0.7405287926400659
0.4215203121710784
-0.5233906129252252
-0.7297825215675532
-0.641115565076049
-0.2374622147452561
-0.7297825215675532
0.641115565076049
-0.2374622147452561
-0.7267017243993805
0.6869389665317207
-0.004411350734000925
-0.7267017243993803
-0.6869389665317207
-0.004411350734000925
-0.7266653661026955
-0.6768787187959852
-0.11744209529781557
-0.7266653661026955
0.6768787187959852
-0.11744209529781557
-0.7236067977499792
0.5257311121191337
0.447213595499958
-0.723606797749979
-0.5257311121191337
0.447213595499958
-0.72327854927488
0.41576019618739724
0.5513724688674999
-0.7232785492748799
-0.41576019618739724
0.5513724688674999
-0.7185891652507057
-0.5220855887185097
-0.45940858681215474
-0.7185891652507057
0.5220855887185097
-0.45940858681215474
-0.7155242952261605
0.6876704554941067
0.12302165492966767
-0.7155242952261603
-0.6876704554941067
0.12302165492966767
-0.7117124032047751
0
0.7024709639013443
-0.7074451234849853
-0.30166881041813615
0.6391536013183533
-0.7074451234849853
0.30166881041813615
0.6391536013183533
-0.6897916878076654
-0.6755251623335724
0.26048643436012703
-0.6897916878076654
0.6755251623335724
0.26048643436012703
-0.6893281612357385
-0.6158502249638206
-0.38151695445860245
-0.6893281612357385
0.6158502249638206
-0.38151695445860245
-0.6807264326348014
-0.08390581259561895
-0.7277165234656735
-0.6807264326348014
0.08390581259561895
-0.7277165234656735
-0.6797937675642477
0.19116759016150822
0.7080504120842295
-0.6797937675642476
-0.19116759016150822
0.7080504120842295
-0.6635036642300076
-0.36703962947616986
-0.6519545980720968
-0.6635036642300076
0.36703962947616986
-0.6519545980720968
-0.6623302008428754
-0.24491492196023698
-0.7080504120842295
-0.6623302008428754
0.24491492196023698
-0.7080504120842295
-0.6537940206410678
-0.4750091605513505
-0.5889988760314302
-0.6537940206410678
0.4750091605513505
-0.5889988760314302
-0.6477616832793809
0.6481772114408144
0.4003387368765019
-0.6477616832793808
-0.6481772114408144
0.4003387368765019
-0.647543247338096
-0.7444509665688808
-0.1627283048565699
-0.647543247338096
0.7444509665688808
-0.1627283048565699
-0.6459362967593755
-0.7055963265124218
-0.2913762593983249
-0.6459362967593755
0.7055963265124218
-0.2913762593983249
-0.644957657958078
-0.08971798394659967
0.7589336616581112
-0.644957657958078
0.08971798394659967
0.7589336616581112
-0.6384979619012642
-0.7685809667396409
-0.04004560167472076
-0.6384979619012642
0.7685809667396409
-0.04004560167472076
-0.6297256213908132
-0.5740277938094211
-0.5233906129252252
-0.6297256213908132
0.5740277938094211
-0.5233906129252252
-0.6252574586071488
-0.776288999232417
0.08017792792821428
-0.6252574586071488
0.776288999232417
0.08017792792821428
-0.6189168071929715
0.5594018111778118
0.5513724688674999
-0.6189168071929714
-0.5594018111778118
0.5513724688674999
-0.6156310292182143
0.4472821242867436
0.6487966839906475
-0.6156310292182142
-0.44728212428674363
0.6487966839906476
-0.6070619982066863
0
0.7946544722917661
-0.6035685408534394
0
-0.7973111164984783
-0.6000378517471081
0.7715762680897256
0.21124544726797656
-0.600037851747108
-0.7715762680897256
0.21124544726797656
-0.600037851747108
-0.3322397296317067
0.7277165234656734
-0.600037851747108
0.3322397296317067
0.7277165234656734
-0.595894253326634
-0.1589592585807398
-0.787173419878844
-0.595894253326634
0.1589592585807398
-0.787173419878844
-0.5925026402964927
-0.6733376315905675
-0.4422183342260814
-0.5925026402964927
0.6733376315905675
-0.4422183342260814
-0.5757874293000979
-0.418334054477401
-0.7024709639013442
-0.5757874293000979
0.418334054477401
-0.7024709639013442
-0.5755224857007216
0.22165711242617026
0.7871734198788439
-0.5755224857007215
-0.22165711242617026
0.7871734198788439
-0.574516613769574
-0.3065132259869937
-0.7589336616581113
-0.574516613769574
0.3065132259869937
-0.7589336616581113
-0.5613283100572769
-0.7513701216091022
0.3469199744629367
-0.5613283100572769
0.751370121609102
0.34691997446293665
-0.5541093394289913
-0.5176080003344399
-0.6519545980720968
-0.5541093394289913
0.5176080003344399
-0.6519545980720968
-0.5483907441273382
-0.809100088223958
-0.21124544726797653
-0.5483907441273382
0.809100088223958
-0.21124544726797653
-0.545881503504257
-0.12048320108981789
0.8291544985025905
-0.545881503504257
0.12048320108981789
0.8291544985025905
-0.5450795306789344
-0.8345416736796134
-0.08017792792821428
-0.5450795306789344
0.8345416736796134
-0.08017792792821428
-0.5414703706287631
0.6755251623335724
0.5004753668117451
-0.541470370628763
-0.6755251623335724
0.5004753668117451
-0.5411354630743502
-0.7660410837037032
-0.34691997446293676
-0.5411354630743502
0.7660410837037032
-0.34691997446293676
-0.5336572156169057
-0.8447522275830474
0.04004560167472076
-0.5336572156169057
0.8447522275830474
0.04004560167472076
-0.5242037314217923
-0.07617126084340645
-0.8481794544699813
-0.5242037314217923
0.07617126084340645
-0.8481794544699813
-0.5214714469128553
0
0.853268732612776
-0.5211280929865946
-0.6214809875527959
-0.5849674288458774
-0.5211280929865946
0.6214809875527959
-0.5849674288458774
-0.5124456619994747
-0.22338814004068744
-0.8291544985025905
-0.5124456619994747
0.22338814004068744
-0.8291544985025905
-0.5079130747973478
-0.8458982251124606
0.1627283048565699
-0.5079130747973478
0.8458982251124606
0.1627283048565699
-0.5055166536557195
-0.5795995055195465
0.6391536013183533
-0.5055166536557195
0.5795995055195464
0.6391536013183532
-0.5014006532964664
-0.4680021862650972
0.7277165234656735
-0.5014006532964664
0.4680021862650971
0.7277165234656734
-0.49112347318842303
-0.35682208977308993
-0.7946544722917661
-0.49112347318842303
0.35682208977308993
-0.7946544722917661
-0.4882972068205223
-0.35476868706133874
0.7973111164984783
-0.4882972068205223
0.35476868706133874
0.7973111164984783
-0.47513906108389614
-0.7237176796562059
-0.5004753668117452
-0.47513906108389614
0.7237176796562059
-0.5004753668117452
-0.4714566912212953
-0.8323631802054368
0.2913762593983249
-0.4714566912212953
0.8323631802054368
0.2913762593983249
-0.46904679811112565
-0.45167997341470945
-0.7589336616581113
-0.46904679811112565
0.45167997341470945
-0.7589336616581113
-0.46886207100726823
-0.24649537802113128
0.8481794544699813
-0.46886207100726823
0.24649537802113128
0.8481794544699813
-0.45728875712731204
0.7715762680897255
0.4422183342260813
-0.457288757127312
-0.7715762680897256
0.4422183342260814
-0.44744137931788447
-0.12860074160506021
0.8850186785219495
-0.44744137931788447
0.12860074160506021
0.8850186785219495
-0.4432126849970109
0
-0.8964164857128302
-0.4375992204164231
-0.5542305803889672
-0.7080504120842295
-0.4375992204164231
0.5542305803889672
-0.7080504120842295
-0.4375772992040651
-0.1589592585807398
-0.8850186785219495
-0.4375772992040651
0.1589592585807398
-0.8850186785219495
-0.4329043006482858
-0.893005900819577
-0.12302165492966766
-0.4329043006482858
0.893005900819577
-0.12302165492966766
-0.4300261059865685
-0.6876704554941067
0.5849674288458774
-0.4300261059865685
0.6876704554941067
0.5849674288458774
-0.42930525344753856
-0.8647796348646817
-0.26048643436012714
-0.42930525344753856
0.8647796348646817
-0.26048643436012714
-0.4287545977360634
-0.9034102251496204
0.004411350734000925
-0.4287545977360634
0.9034102251496204
0.004411350734000925
-0.4218792626337932
-0.3065132259869937
-0.853268732612776
-0.4218792626337932
0.3065132259869937
-0.853268732612776
-0.4191979689030107
-0.9002668588366725
0.11744209529781557
-0.4191979689030107
0.9002668588366725
0.11744209529781557
-0.41667415268590485
0
0.9090559116377184
-0.4162837922165572
-0.8163557435909476
-0.4003387368765019
-0.4162837922165572
0.8163557435909476
-0.4003387368765019
-0.39501864964664196
-0.6598810046918482
-0.6391536013183534
-0.39501864964664196
0.6598810046918482
-0.6391536013183534
-0.39187900917506946
0.5874482582451998
0.7080504120842295
-0.39187900917506935
-0.5874482582451998
0.7080504120842295
-0.38865466988251257
0.47885859563629063
0.7871734198788439
-0.38865466988251246
-0.47885859563629063
0.7871734198788439
-0.38422193450165043
0.8921800275819267
0.2374622147452561
-0.3842219345016504
-0.8921800275819267
0.2374622147452561
-0.3793173834627134
-0.36974306703169685
0.8481794544699811
-0.3793173834627134
0.36974306703169685
0.8481794544699811
-0.37269425299060066
-0.8458982251124604
0.3815169544586024
-0.37269425299060066
0.8458982251124604
0.3815169544586024
-0.370809164500308
-0.41833405447740113
-0.8291544985025905
-0.370809164500308
0.41833405447740113
-0.8291544985025905
-0.35856659428513216
-0.2605138798701924
0.89641648571283
-0.35856659428513216
0.2605138798701924
0.89641648571283
-0.35133695503389567
0.776288999232417
0.523390612925225
-0.3513369550338956
-0.776288999232417
0.523390612925225
-0.3464593304371572
-0.08390581259561895
-0.9343049539447521
-0.3464593304371572
0.08390581259561895
-0.9343049539447521
-0.34076692622105814
-0.7614895288635357
-0.5513724688674999
-0.34076692622105814
0.7614895288635357
-0.5513724688674999
-0.3370964706396787
-0.24491492196023704
-0.9090559116377184
-0.3370964706396787
0.24491492196023704
-0.9090559116377184
-0.33532068982695884
-0.51760800033444
-0.787173419878844
-0.3353206898269588
0.51760800033444
-0.787173419878844
-0.32961008540874664
-0.1357624566333905
0.9343049539447521
-0.32961008540874664
0.1357624566333905
0.9343049539447521
-0.32104525897913894
-0.6869389665317207
0.6519545980720968
-0.32104525897913894
0.6869389665317207
0.6519545980720968
-0.3088398261196968
-0.9505112484726589
-0.033857470804871996
-0.3088398261196968
0.9505112484726589
-0.033857470804871996
-0.30790325893376
-0.9476287910630427
0.08482486360947541
-0.30790325893376
0.9476287910630427
0.08482486360947541
-0.30471349262049113
-0.9378116997932586
-0.16630966041063486
-0.30471349262049113
0.9378116997932586
-0.16630966041063486
-0.3035309991033431
-0.9341723589627156
0.1875924740850802
-0.3035309991033431
0.9341723589627156
0.1875924740850802
-0.29409493631196854
-0.9051311438539504
-0.3069947570583225
-0.29409493631196854
0.9051311438539504
-0.3069947570583225
-0.29251443430176444
-0.9002668588366725
0.32242036009760555
-0.29251443430176444
0.9002668588366725
0.32242036009760555
-0.2922336268554169
0
0.9563469597039189
-0.2901552060284897
-0.6214809875527959
-0.7277165234656735
-0.2901552060284897
0.6214809875527959
-0.7277165234656735
-0.28639806050540606
-0.3670396294761699
-0.8850186785219495
-0.28639806050540606
0.3670396294761699
-0.8850186785219495
-0.28462975022258863
0.585666801594933
0.7589336616581112
-0.2846297502225886
-0.585666801594933
0.7589336616581112
-0.2832729949983337
-0.48193280435927144
0.8291544985025904
-0.2832729949983337
0.48193280435927144
0.8291544985025904
-0.27639320225002095
-0.85065080835204
-0.447213595499958
-0.27639320225002095
0.85065080835204
-0.447213595499958
-0.27447663717835485
-0.8447522275830474
0.45940858681215474
-0.27447663717835485
0.8447522275830474
0.45940858681215474
-0.26057356349967536
-0.38580222481518056
0.8850186785219493
-0.26057356349967536
0.38580222481518056
0.8850186785219493
-0.24972709424343778
-0.7685809667396409
0.5889988760314302
-0.24972709424343778
0.7685809667396409
0.5889988760314302
-0.23998893245161798
0
-0.9707756240763016
-0.2364219704538591
-0.17177061608955557
-0.9563469597039189
-0.2364219704538591
0.17177061608955557
-0.9563469597039189
-0.2351501286322781
-0.7237176796562059
-0.6487966839906476
-0.2351501286322781
0.7237176796562059
-0.6487966839906476
-0.23443103550363395
-0.4750091605513506
-0.8481794544699813
-0.2344310355036339
-0.4750091605513506
-0.8481794544699813
-0.2344310355036339
0.4750091605513506
-0.8481794544699813
-0.230972886958105
-0.271524913266781
0.9343049539447521
-0.230972886958105
0.271524913266781
0.9343049539447521
-0.2199312276977106
-0.6768787187959852
0.7024709639013442
-0.2199312276977106
0.6768787187959852
0.7024709639013442
-0.21356818797909516
-0.9476287910630424
0.23746221474525606
-0.21356818797909516
0.9476287910630424
0.23746221474525606
-0.19569051728621087
-0.9034102251496204
0.38151695445860245
-0.19569051728621087
0.9034102251496204
0.38151695445860245
-0.1941551248152605
-0.14106195520847564
0.9707756240763016
-0.1941551248152605
0.14106195520847564
0.9707756240763016
-0.19002530190186945
-0.9747295721835683
0.11744209529781557
-0.19002530190186945
0.9747295721835683
0.11744209529781557
-0.1875924740850802
-0.5773502691896257
0.794654472291766
-0.1875924740850802
0.5773502691896257
0.794654472291766
-0.18686099078895035
-0.30357408182462847
-0.9343049539447523
-0.18686099078895035
0.30357408182462847
-0.9343049539447523
-0.18651293639380231
-0.5740277938094211
-0.7973111164984783
-0.18651293639380231
0.5740277938094211
-0.7973111164984783
-0.1841414511282999
-0.9828898544399904
0.004411350734000925
-0.1841414511282999
0.9828898544399904
0.004411350734000925
-0.1746687625494374
-0.9769117134151961
-0.12302165492966767
-0.1746687625494374
0.9769117134151961
-0.12302165492966767
-0.17205365789132968
-0.8345416736796134
0.523390612925225
-0.17205365789132968
0.8345416736796134
0.523390612925225
-0.17190608040737973
-0.8163557435909476
-0.5513724688674999
-0.17190608040737973
0.8163557435909476
-0.5513724688674999
-0.16114353917736582
-0.4959488176483333
0.8532687326127759
-0.16114353917736582
0.4959488176483333
0.8532687326127759
-0.16098947004282693
-0.9519607177030348
-0.26048643436012714
-0.16098947004282693
0.9519607177030348
-0.26048643436012714
-0.1510337319909983
0
0.9885286095004389
-0.14404152327474903
-0.7444509665688808
0.6519545980720968
-0.14404152327474903
0.7444509665688808
0.6519545980720968
-0.14306120432097033
-0.9051311438539504
-0.4003387368765019
-0.14306120432097033
0.9051311438539504
-0.4003387368765019
-0.13696025178662646
-0.42152031217107844
-0.8964164857128302
-0.13696025178662646
0.42152031217107844
-0.8964164857128302
-0.13055686638028288
-0.6733376315905675
-0.7277165234656735
-0.13055686638028288
0.6733376315905675
-0.7277165234656735
-0.12875939429672653
-0.39628066808369167
0.9090559116377184
-0.12875939429672653
0.39628066808369167
0.9090559116377184
-0.12218885590458858
-0.08877540026300264
-0.988528609500439
-0.12218885590458858
0.08877540026300264
-0.988528609500439
-0.11397600370003338
-0.641115565076049
0.7589336616581112
-0.11397600370003338
0.641115565076049
0.7589336616581112
-0.10783432656620794
-0.9505112484726589
0.2913762593983249
-0.10783432656620794
0.9505112484726589
0.2913762593983249
-0.09030515702615106
-0.27793069510141055
0.9563469597039189
-0.09030515702615106
0.27793069510141055
0.9563469597039189
-0.08954468754455468
-0.5220855887185099
-0.8481794544699813
-0.08954468754455468
0.5220855887185099
-0.8481794544699813
-0.08629619248519454
-0.9828898544399904
0.1627283048565699
-0.08629619248519454
0.9828898544399904
0.1627283048565699
-0.08356677554941112
-0.893005900819577
0.4422183342260813
-0.08356677554941112
0.893005900819577
0.4422183342260813
-0.07416065858945113
-0.22824303804682883
-0.9707756240763016
-0.07416065858945113
0.22824303804682883
-0.9707756240763016
-0.06829152216663177
-0.7660410837037032
-0.6391536013183534
-0.06829152216663177
0.7660410837037032
-0.6391536013183534
-0.06479514460963778
-0.9970947492698604
0.040045601674720765
-0.06479514460963778
0.9970947492698604
0.040045601674720765
-0.056304124408667555
-0.8091000882239582
0.5849674288458774
-0.056304124408667555
0.8091000882239582
0.5849674288458774
-0.0541003279971925
-0.5563955177061674
0.8291544985025905
-0.0541003279971925
0.5563955177061674
0.8291544985025905
-0.049552684607175844
-0.9955481059804994
-0.08017792792821428
-0.049552684607175844
0.9955481059804994
-0.08017792792821428
-0.046671989909089814
-0.14364161499041467
0.988528609500439
-0.046671989909089814
0.14364161499041467
0.988528609500439
-0.04099500381701781
-0.8647796348646815
-0.5004753668117452
-0.04099500381701781
0.8647796348646815
-0.5004753668117452
-0.032962212429640814
-0.6158502249638206
-0.7871734198788439
-0.032962212429640814
0.6158502249638206
-0.7871734198788439
-0.03191966792964132
-0.9769117134151959
-0.21124544726797653
-0.03191966792964132
0.9769117134151959
-0.21124544726797653
-0.028256644519982034
-0.7055963265124218
0.7080504120842295
-0.028256644519982034
0.7055963265124218
0.7080504120842295
-0.027262651140743457
-0.35543072586240004
-0.9343049539447521
-0.027262651140743457
0.35543072586240004
-0.9343049539447521
-0.0159604168919119
-0.4652818541055505
0.8850186785219495
-0.0159604168919119
0.4652818541055505
0.8850186785219495
-0.012479865765074368
-0.9378116997932586
-0.34691997446293676
-0.012479865765074368
0.9378116997932586
-0.34691997446293676
0
0
-1.
0
0
1.
0.012479865765074368
-0.9378116997932586
0.34691997446293676
0.012479865765074368
0.9378116997932586
0.34691997446293676
0.0159604168919119
-0.4652818541055505
-0.8850186785219495
0.0159604168919119
0.4652818541055505
-0.8850186785219495
0.027262651140743457
-0.35543072586240004
0.9343049539447521
0.027262651140743457
0.35543072586240004
0.9343049539447521
0.028256644519982034
-0.7055963265124218
-0.7080504120842295
0.028256644519982034
0.7055963265124218
-0.7080504120842295
0.03191966792964132
-0.9769117134151959
0.21124544726797653
0.03191966792964132
0.9769117134151959
0.21124544726797653
0.032962212429640814
-0.6158502249638206
0.7871734198788439
0.032962212429640814
0.6158502249638206
0.7871734198788439
0.04099500381701781
-0.8647796348646815
0.5004753668117452
0.04099500381701781
0.8647796348646815
0.5004753668117452
0.046671989909089814
-0.14364161499041467
-0.988528609500439
0.046671989909089814
0.14364161499041467
-0.988528609500439
0.049552684607175844
-0.9955481059804994
0.08017792792821428
0.049552684607175844
0.9955481059804994
0.08017792792821428
0.0541003279971925
-0.5563955177061674
-0.8291544985025905
0.0541003279971925
0.5563955177061674
-0.8291544985025905
0.056304124408667555
-0.8091000882239582
-0.5849674288458774
0.056304124408667555
0.8091000882239582
-0.5849674288458774
0.06479514460963778
-0.9970947492698604
-0.040045601674720765
0.06479514460963778
0.9970947492698604
-0.040045601674720765
0.06829152216663177
-0.7660410837037032
0.6391536013183534
0.06829152216663177
0.7660410837037032
0.6391536013183534
0.07416065858945113
-0.22824303804682883
0.9707756240763016
0.07416065858945113
0.22824303804682883
0.9707756240763016
0.08356677554941112
-0.893005900819577
-0.4422183342260813
0.08356677554941112
0.893005900819577
-0.4422183342260813
0.08629619248519454
-0.9828898544399904
-0.1627283048565699
0.08629619248519454
0.9828898544399904
-0.1627283048565699
0.08954468754455468
-0.5220855887185099
0.8481794544699813
0.08954468754455468
0.5220855887185099
0.8481794544699813
0.09030515702615106
-0.27793069510141055
-0.9563469597039189
0.09030515702615106
0.27793069510141055
-0.9563469597039189
0.10783432656620794
-0.9505112484726589
-0.2913762593983249
0.10783432656620794
0.9505112484726589
-0.2913762593983249
0.11397600370003338
-0.641115565076049
-0.7589336616581112
0.11397600370003338
0.641115565076049
-0.7589336616581112
0.12218885590458858
-0.08877540026300264
0.988528609500439
0.12218885590458858
0.08877540026300264
0.988528609500439
0.12875939429672653
-0.39628066808369167
-0.9090559116377184
0.12875939429672653
0.39628066808369167
-0.9090559116377184
0.13055686638028288
-0.6733376315905675
0.7277165234656735
0.13055686638028288
0.6733376315905675
0.7277165234656735
0.13696025178662646
-0.42152031217107844
0.8964164857128302
0.13696025178662646
0.42152031217107844
0.8964164857128302
0.14306120432097033
-0.9051311438539504
0.4003387368765019
0.14306120432097033
0.9051311438539504
0.4003387368765019
0.14404152327474903
-0.7444509665688808
-0.6519545980720968
0.14404152327474903
0.7444509665688808
-0.6519545980720968
0.1510337319909983
0
-0.9885286095004389
0.16098947004282693
-0.9519607177030348
0.26048643436012714
0.16098947004282693
0.9519607177030348
0.26048643436012714
0.16114353917736582
-0.4959488176483333
-0.8532687326127759
0.16114353917736582
0.4959488176483333
-0.8532687326127759
0.17190608040737973
-0.8163557435909476
0.5513724688674999
0.17190608040737973
0.8163557435909476
0.5513724688674999
0.17205365789132968
-0.8345416736796134
-0.523390612925225
0.17205365789132968
0.8345416736796134
-0.523390612925225
0.1746687625494374
-0.9769117134151961
0.12302165492966767
0.1746687625494374
0.9769117134151961
0.12302165492966767
0.1841414511282999
-0.9828898544399904
-0.004411350734000925
0.1841414511282999
0.9828898544399904
-0.004411350734000925
0.18651293639380231
-0.5740277938094211
0.7973111164984783
0.18651293639380231
0.5740277938094211
0.7973111164984783
0.18686099078895035
-0.30357408182462847
0.9343049539447523
0.18686099078895035
0.30357408182462847
0.9343049539447523
0.1875924740850802
-0.5773502691896257
-0.794654472291766
0.1875924740850802
0.5773502691896257
-0.794654472291766
0.19002530190186945
-0.9747295721835683
-0.11744209529781557
0.19002530190186945
0.9747295721835683
-0.11744209529781557
0.1941551248152605
-0.14106195520847564
-0.9707756240763016
0.1941551248152605
0.14106195520847564
-0.9707756240763016
0.19569051728621087
-0.9034102251496204
-0.38151695445860245
0.19569051728621087
0.9034102251496204
-0.38151695445860245
0.21356818797909516
-0.9476287910630424
-0.23746221474525606
0.21356818797909516
0.9476287910630424
-0.23746221474525606
0.2199312276977106
-0.6768787187959852
-0.7024709639013442
0.2199312276977106
0.6768787187959852
-0.7024709639013442
0.230972886958105
-0.271524913266781
-0.9343049539447521
0.230972886958105
0.271524913266781
-0.9343049539447521
0.2344310355036339
-0.4750091605513506
0.8481794544699813
0.23443103550363395
0.4750091605513506
0.8481794544699813
0.2351501286322781
-0.7237176796562059
0.6487966839906476
0.2351501286322781
0.7237176796562059
0.6487966839906476
0.2364219704538591
-0.17177061608955557
0.9563469597039189
0.2364219704538591
0.17177061608955557
0.9563469597039189
0.23998893245161798
0
0.9707756240763016
0.24972709424343778
-0.7685809667396409
-0.5889988760314302
0.24972709424343778
0.7685809667396409
-0.5889988760314302
0.26057356349967536
-0.38580222481518056
-0.8850186785219493
0.26057356349967536
0.38580222481518056
-0.8850186785219493
0.27447663717835485
-0.8447522275830474
-0.45940858681215474
0.27447663717835485
0.8447522275830474
-0.45940858681215474
0.27639320225002095
-0.85065080835204
0.447213595499958
0.27639320225002095
0.85065080835204
0.447213595499958
0.2832729949983337
-0.48193280435927144
-0.8291544985025904
0.2832729949983337
0.48193280435927144
-0.8291544985025904
0.2846297502225886
-0.585666801594933
-0.7589336616581112
0.2846297502225886
0.585666801594933
-0.7589336616581112
0.28639806050540606
-0.3670396294761699
0.8850186785219495
0.2863980605054061
0.3670396294761699
0.8850186785219495
0.2901552060284897
-0.6214809875527959
0.7277165234656735
0.2901552060284897
0.6214809875527959
0.7277165234656735
0.2922336268554169
0
-0.9563469597039189
0.29251443430176444
-0.9002668588366725
-0.32242036009760555
0.29251443430176444
0.9002668588366725
-0.32242036009760555
0.29409493631196854
-0.9051311438539504
0.3069947570583225
0.29409493631196854
0.9051311438539504
0.3069947570583225
0.3035309991033431
-0.9341723589627156
-0.1875924740850802
0.3035309991033431
0.9341723589627156
-0.1875924740850802
0.30471349262049113
-0.9378116997932586
0.16630966041063486
0.30471349262049113
0.9378116997932586
0.16630966041063486
0.30790325893376
-0.9476287910630427
-0.08482486360947541
0.30790325893376
0.9476287910630427
-0.08482486360947541
0.3088398261196968
-0.9505112484726589
0.033857470804871996
0.3088398261196968
0.9505112484726589
0.033857470804871996
0.3210452589791389
-0.6869389665317207
-0.6519545980720968
0.32104525897913894
0.6869389665317207
-0.6519545980720968
0.32961008540874664
-0.1357624566333905
-0.9343049539447521
0.32961008540874664
0.1357624566333905
-0.9343049539447521
0.3353206898269588
-0.51760800033444
0.787173419878844
0.33532068982695884
0.51760800033444
0.787173419878844
0.3370964706396787
-0.24491492196023704
0.9090559116377184
0.3370964706396787
0.24491492196023704
0.9090559116377184
0.34076692622105814
-0.7614895288635357
0.5513724688674999
0.34076692622105814
0.7614895288635357
0.5513724688674999
0.3464593304371572
-0.08390581259561895
0.9343049539447521
0.3464593304371572
0.08390581259561895
0.9343049539447521
0.3513369550338956
-0.776288999232417
-0.523390612925225
0.3513369550338956
0.776288999232417
-0.523390612925225
0.35856659428513216
-0.2605138798701924
-0.89641648571283
0.35856659428513216
0.2605138798701924
-0.89641648571283
0.370809164500308
-0.41833405447740113
0.8291544985025905
0.370809164500308
0.41833405447740113
0.8291544985025905
0.3726942529906006
-0.8458982251124604
-0.3815169544586024
0.37269425299060066
0.8458982251124604
-0.3815169544586024
0.3793173834627134
-0.36974306703169685
-0.8481794544699811
0.3793173834627134
0.36974306703169685
-0.8481794544699811
0.3842219345016504
-0.8921800275819267
-0.2374622147452561
0.3842219345016504
0.8921800275819267
-0.2374622147452561
0.38865466988251246
-0.47885859563629063
-0.7871734198788439
0.38865466988251246
0.47885859563629063
-0.7871734198788439
0.39187900917506935
-0.5874482582451998
-0.7080504120842295
0.39187900917506935
0.5874482582451998
-0.7080504120842295
0.39501864964664196
-0.6598810046918482
0.6391536013183534
0.39501864964664196
0.6598810046918482
0.6391536013183534
0.4162837922165572
-0.8163557435909476
0.4003387368765019
0.4162837922165572
0.8163557435909476
0.4003387368765019
0.41667415268590485
0
-0.9090559116377184
0.4191979689030107
-0.9002668588366725
-0.11744209529781557
0.4191979689030107
0.9002668588366725
-0.11744209529781557
0.4218792626337932
-0.3065132259869937
0.853268732612776
0.4218792626337932
0.3065132259869937
0.853268732612776
0.4287545977360634
-0.9034102251496204
-0.004411350734000925
0.4287545977360634
0.9034102251496204
-0.004411350734000925
0.42930525344753856
-0.8647796348646817
0.26048643436012714
0.42930525344753856
0.8647796348646817
0.26048643436012714
0.4300261059865684
-0.6876704554941067
-0.5849674288458774
0.4300261059865685
0.6876704554941067
-0.5849674288458774
0.4329043006482858
-0.893005900819577
0.12302165492966766
0.4329043006482858
0.893005900819577
0.12302165492966766
0.4375772992040651
-0.1589592585807398
0.8850186785219495
0.4375772992040651
0.1589592585807398
0.8850186785219495
0.4375992204164231
-0.5542305803889672
0.7080504120842295
0.4375992204164231
0.5542305803889672
0.7080504120842295
0.4432126849970109
0
0.8964164857128302
0.44744137931788447
-0.12860074160506021
-0.8850186785219495
0.44744137931788447
0.12860074160506021
-0.8850186785219495
0.457288757127312
-0.7715762680897256
-0.4422183342260814
0.457288757127312
0.7715762680897256
-0.4422183342260814
0.46886207100726823
-0.24649537802113128
-0.8481794544699813
0.46886207100726823
0.24649537802113128
-0.8481794544699813
0.46904679811112565
-0.45167997341470945
0.7589336616581113
0.46904679811112565
0.45167997341470945
0.7589336616581113
0.4714566912212952
-0.8323631802054368
-0.2913762593983249
0.4714566912212953
0.8323631802054368
-0.2913762593983249
0.47513906108389614
-0.7237176796562059
0.5004753668117452
0.47513906108389614
0.7237176796562059
0.5004753668117452
0.4882972068205223
-0.35476868706133874
-0.7973111164984783
0.4882972068205223
0.35476868706133874
-0.7973111164984783
0.49112347318842303
-0.35682208977308993
0.7946544722917661
0.49112347318842303
0.35682208977308993
0.7946544722917661
0.5014006532964664
-0.4680021862650972
-0.7277165234656735
0.5014006532964664
0.4680021862650972
-0.7277165234656735
0.5055166536557194
-0.5795995055195465
-0.6391536013183533
0.5055166536557195
0.5795995055195465
-0.6391536013183533
0.5079130747973478
-0.8458982251124606
-0.1627283048565699
0.5079130747973478
0.8458982251124606
-0.1627283048565699
0.5124456619994747
-0.22338814004068744
0.8291544985025905
0.5124456619994747
0.22338814004068744
0.8291544985025905
0.5211280929865946
-0.6214809875527959
0.5849674288458774
0.5211280929865946
0.6214809875527959
0.5849674288458774
0.5214714469128553
0
-0.853268732612776
0.5242037314217923
-0.07617126084340645
0.8481794544699813
0.5242037314217923
0.07617126084340645
0.8481794544699813
0.5336572156169057
-0.8447522275830474
-0.04004560167472076
0.5336572156169057
0.8447522275830474
-0.04004560167472076
0.5411354630743502
-0.7660410837037032
0.34691997446293676
0.5411354630743502
0.7660410837037032
0.34691997446293676
0.5414703706287629
-0.6755251623335724
-0.5004753668117451
0.541470370628763
0.6755251623335724
-0.5004753668117451
0.5450795306789344
-0.8345416736796134
0.08017792792821428
0.5450795306789344
0.8345416736796134
0.08017792792821428
0.545881503504257
-0.12048320108981789
-0.8291544985025905
0.545881503504257
0.12048320108981789
-0.8291544985025905
0.5483907441273382
-0.809100088223958
0.21124544726797653
0.5483907441273382
0.809100088223958
0.21124544726797653
0.5541093394289913
-0.5176080003344399
0.6519545980720968
0.5541093394289913
0.5176080003344399
0.6519545980720968
0.5613283100572769
-0.7513701216091022
-0.3469199744629367
0.5613283100572769
0.7513701216091022
-0.3469199744629367
0.574516613769574
-0.3065132259869937
0.7589336616581113
0.574516613769574
0.3065132259869937
0.7589336616581113
0.5755224857007215
-0.22165711242617026
-0.7871734198788439
0.5755224857007215
0.22165711242617026
-0.7871734198788439
0.5757874293000979
-0.418334054477401
0.7024709639013442
0.5757874293000979
0.418334054477401
0.7024709639013442
0.5925026402964927
-0.6733376315905675
0.4422183342260814
0.5925026402964927
0.6733376315905675
0.4422183342260814
0.595894253326634
-0.1589592585807398
0.787173419878844
0.595894253326634
0.1589592585807398
0.787173419878844
0.6000378517471079
-0.7715762680897256
-0.21124544726797656
0.600037851747108
-0.3322397296317068
-0.7277165234656735
0.600037851747108
0.3322397296317067
-0.7277165234656734
0.600037851747108
0.7715762680897256
-0.21124544726797656
0.6035685408534394
0
0.7973111164984783
0.6070619982066863
0
-0.7946544722917661
0.6156310292182142
-0.44728212428674363
-0.6487966839906476
0.6156310292182142
0.44728212428674363
-0.6487966839906476
0.6189168071929713
-0.5594018111778118
-0.5513724688674999
0.6189168071929714
0.5594018111778118
-0.5513724688674999
0.6252574586071488
-0.776288999232417
-0.08017792792821428
0.6252574586071488
0.776288999232417
-0.08017792792821428
0.6297256213908132
-0.5740277938094211
0.5233906129252252
0.6297256213908132
0.5740277938094211
0.5233906129252252
0.6384979619012642
-0.7685809667396409
0.04004560167472076
0.6384979619012642
0.7685809667396409
0.04004560167472076
0.644957657958078
-0.08971798394659967
-0.7589336616581112
0.644957657958078
0.08971798394659967
-0.7589336616581112
0.6459362967593755
-0.7055963265124218
0.2913762593983249
0.6459362967593755
0.7055963265124218
0.2913762593983249
0.647543247338096
-0.7444509665688808
0.1627283048565699
0.647543247338096
0.7444509665688808
0.1627283048565699
0.6477616832793808
-0.6481772114408144
-0.4003387368765019
0.6477616832793808
0.6481772114408144
-0.4003387368765019
0.6537940206410678
-0.4750091605513505
0.5889988760314302
0.6537940206410678
0.4750091605513505
0.5889988760314302
0.6623302008428754
-0.24491492196023698
0.7080504120842295
0.6623302008428754
0.24491492196023698
0.7080504120842295
0.6635036642300076
-0.36703962947616986
0.6519545980720968
0.6635036642300076
0.36703962947616986
0.6519545980720968
0.6797937675642476
-0.19116759016150825
-0.7080504120842296
0.6797937675642476
0.19116759016150822
-0.7080504120842295
0.6807264326348014
-0.08390581259561895
0.7277165234656735
0.6807264326348014
0.08390581259561895
0.7277165234656735
0.6893281612357385
-0.6158502249638206
0.38151695445860245
0.6893281612357385
0.6158502249638206
0.38151695445860245
0.6897916878076654
-0.6755251623335724
-0.26048643436012703
0.6897916878076654
0.6755251623335724
-0.26048643436012703
0.7074451234849853
-0.3016688104181362
-0.6391536013183534
0.7074451234849853
0.30166881041813615
-0.6391536013183533
0.7117124032047751
0
-0.7024709639013443
0.7155242952261603
-0.6876704554941067
-0.12302165492966767
0.7155242952261603
0.6876704554941067
-0.12302165492966767
0.7185891652507057
-0.5220855887185097
0.45940858681215474
0.7185891652507057
0.5220855887185097
0.45940858681215474
0.7232785492748799
-0.41576019618739724
-0.5513724688674999
0.7232785492748799
0.41576019618739724
-0.5513724688674999
0.7236067977499789
-0.5257311121191337
-0.447213595499958
0.723606797749979
0.5257311121191337
-0.447213595499958
0.7266653661026955
-0.6768787187959852
0.11744209529781557
0.7266653661026955
0.6768787187959852
0.11744209529781557
0.7267017243993803
-0.6869389665317207
0.004411350734000925
0.7267017243993803
0.6869389665317207
0.004411350734000925
0.7297825215675532
-0.641115565076049
0.2374622147452561
0.7297825215675532
0.641115565076049
0.2374622147452561
0.7405287926400659
-0.4215203121710784
0.5233906129252252
0.7405287926400659
0.4215203121710784
0.5233906129252252
0.7496516053274307
-0.17177061608955554
0.6391536013183533
0.7496516053274307
0.17177061608955554
0.6391536013183533
0.7521009799446995
-0.3035740818246284
0.5849674288458774
0.7521009799446995
0.3035740818246284
0.5849674288458774
0.7525262214051114
-0.0930563708211101
-0.6519545980720968
0.7525262214051114
0.0930563708211101
-0.6519545980720968
0.7609618011718721
0
0.6487966839906476
0.7658127312019672
-0.5563955177061672
0.32242036009760555
0.7658127312019672
0.5563955177061672
0.32242036009760555
0.7699505391839694
-0.5594018111778118
-0.3069947570583225
0.7699505391839695
0.5594018111778118
-0.3069947570583225
0.7868988425360585
-0.19647727299831622
-0.5849674288458774
0.7868988425360585
0.19647727299831622
-0.5849674288458774
0.794654472291766
-0.5773502691896257
0.1875924740850802
0.794654472291766
0.5773502691896257
0.1875924740850802
0.7977502805111361
0.5795995055195465
-0.16630966041063483
0.7977502805111362
-0.5795995055195466
-0.16630966041063486
0.7987224860367548
-0.46528185410555045
0.38151695445860245
0.7987224860367548
0.46528185410555045
0.38151695445860245
0.8061011971354436
-0.585666801594933
0.08482486360947541
0.8061011971354436
0.585666801594933
0.08482486360947541
0.8081338527952605
0
-0.5889988760314302
0.8085531618609739
0.5874482582451998
-0.033857470804871996
0.808553161860974
-0.5874482582451999
-0.033857470804872
0.8097861540334745
-0.30622016907826805
-0.5004753668117452
0.8097861540334745
0.306220169078268
-0.5004753668117451
0.816622529093059
-0.41576019618739724
-0.4003387368765019
0.8166225290930591
0.41576019618739724
-0.4003387368765019
0.8234755272545975
-0.35543072586240004
0.4422183342260814
0.8234755272545975
0.35543072586240004
0.4422183342260814
0.8295223498394129
-0.08877540026300262
0.5513724688674999
0.8295223498394129
0.08877540026300262
0.5513724688674999
0.8351224597613233
-0.22824303804682877
0.5004753668117452
0.8351224597613233
0.22824303804682877
0.5004753668117452
0.8352523372260013
-0.4959488176483333
0.2374622147452561
0.8352523372260013
0.4959488176483333
0.2374622147452561
0.8468638011056542
-0.09425480719114633
-0.5233906129252252
0.8468638011056542
0.09425480719114633
-0.5233906129252252
0.8556199616698322
-0.44728212428674363
-0.2604864343601271
0.8556199616698322
0.44728212428674363
-0.2604864343601271
0.8683018636018623
-0.48193280435927155
0.1174420952978156
0.8683018636018623
0.48193280435927155
0.1174420952978156
0.8706672771858278
-0.39628066808369156
0.2913762593983249
0.8706672771858278
0.39628066808369156
0.2913762593983249
0.875122634874367
-0.4680021862650972
-0.12302165492966767
0.875122634874367
-0.19647727299831622
-0.4422183342260814
0.875122634874367
0.19647727299831622
-0.4422183342260814
0.875122634874367
0.4680021862650972
-0.12302165492966767
0.8778809630980393
-0.47885859563629063
0.004411350734000925
0.8778809630980393
0.47885859563629063
0.004411350734000925
0.8880554375372868
-0.30166881041813615
-0.3469199744629367
0.8880554375372868
0.3016688104181361
-0.34691997446293665
0.8882250561447018
0
-0.45940858681215474
0.8882250561447018
0
-0.45940858681215463
0.8944271909999159
0
0.447213595499958
0.895768418755139
-0.2779306951014105
0.3469199744629367
0.895768418755139
0.2779306951014105
0.3469199744629367
0.905039215834912
-0.14364161499041464
0.4003387368765019
0.905039215834912
0.14364161499041464
0.4003387368765019
0.9081168108377711
-0.38580222481518056
0.1627283048565699
0.9081168108377711
0.38580222481518056
0.1627283048565699
0.9192345310435216
-0.3322397296317068
-0.21124544726797656
0.9192345310435216
0.3322397296317068
-0.21124544726797656
0.9196658769956818
-0.0930563708211101
-0.38151695445860245
0.9196658769956819
0.0930563708211101
-0.38151695445860245
0.9282706578194226
-0.36974306703169696
0.040045601674720765
0.9282706578194226
0.36974306703169696
0.040045601674720765
0.931509891817533
0.35476868706133874
-0.0801779279282143
0.9315098918175331
-0.3547686870613388
-0.08017792792821432
0.9373125561577
-0.19116759016150822
-0.2913762593983249
0.9373125561577
0.19116759016150822
-0.2913762593983249
0.9389619707336497
-0.271524913266781
0.21124544726797656
0.9389619707336497
0.271524913266781
0.21124544726797656
0.9465965938004058
0
-0.32242036009760555
0.9517112057440018
0
0.3069947570583225
0.9551169259871324
-0.14106195520847561
0.2604864343601271
0.9551169259871324
0.14106195520847561
0.2604864343601271
0.9614507908933246
-0.22165711242617028
-0.16272830485656992
0.9614507908933246
0.22165711242617028
-0.16272830485656992
0.9621351351385714
-0.2605138798701924
0.0801779279282143
0.9621351351385714
0.2605138798701924
0.0801779279282143
0.967244736312809
-0.08971798394659967
-0.2374622147452561
0.967244736312809
0.08971798394659967
-0.2374622147452561
0.9683162594941432
-0.24649537802113122
-0.04004560167472076
0.9683162594941432
0.24649537802113122
-0.04004560167472076
0.9822469463768458
0
-0.1875924740850802
0.9830738669028043
-0.13576245663339054
0.1230216549296677
0.9830738669028043
0.13576245663339054
0.1230216549296677
0.9857439588996775
-0.12048320108981783
-0.11744209529781555
0.9857439588996775
0.12048320108981783
-0.11744209529781555
0.98607357578129
0
0.16630966041063486
0.9916866386330564
-0.12860074160506021
-0.004411350734000926
0.9916866386330564
0.12860074160506021
-0.004411350734000926
0.9963958764033671
0
-0.08482486360947544
0.9994266714825543
0
0.033857470804872
