120
 0.535275
-0.120662
 0.836015
-0.968000
 0.228788
 0.103117
 0.081375
 0.944102
 0.319452
 0.809120
-0.577430
 0.109087
 0.315658
-0.476320
 0.820658
 0.846069
 0.505203
 0.170109
-0.121051
-0.820173
 0.559162
-0.717055
-0.524466
 0.459095
-0.071812
-0.449370
 0.890455
 0.322178
-0.815621
 0.480588
-0.991206
-0.008725
 0.132042
 0.321829
-0.231948
 0.917947
 0.107783
 0.361110
 0.926273
 0.497697
-0.341559
 0.797267
-0.449224
 0.687995
 0.569965
 0.640053
 0.596064
 0.484810
-0.013123
 0.856803
 0.515478
 0.861140
 0.399683
-0.314152
 0.844946
 0.199476
 0.496262
 0.941588
 0.331077
 0.061645
 0.714426
 0.141262
 0.685304
 0.706480
 0.656998
 0.263134
-0.470899
-0.466779
 0.748580
-0.663905
 0.328394
 0.671854
 0.107207
 0.132300
 0.985395
 0.866498
 0.490146
-0.094541
-0.362476
-0.810655
 0.459836
 0.822309
-0.274757
 0.498314
-0.919337
-0.269455
-0.286729
-0.924648
-0.144591
 0.352306
-0.341420
 0.925633
 0.163206
 0.328144
 0.222398
 0.918074
 0.573289
 0.730513
-0.371065
-0.083719
-0.672376
 0.735460
-0.301259
-0.322638
 0.897300
-0.879008
 0.466778
 0.097277
-0.416915
 0.828563
 0.373717
-0.957388
-0.246425
 0.150606
-0.211730
-0.967743
 0.136540
 0.106071
 0.570639
 0.814322
-0.834158
-0.046443
 0.549567
-0.522456
-0.000810
 0.852666
 0.987687
-0.118477
 0.102169
-0.654800
-0.385430
 0.650139
 0.577462
 0.808240
 0.115266
 0.705859
 0.370994
 0.603429
-0.189826
-0.974912
-0.116242
 0.540612
 0.316668
 0.779397
-0.510628
-0.238764
 0.825985
 0.118495
-0.581494
 0.804875
 0.838792
-0.444936
 0.313784
-0.319375
 0.381169
 0.867589
 0.153658
 0.758189
 0.633671
-0.612809
 0.709370
 0.348223
 0.704189
-0.505322
 0.498766
-0.289645
 0.602908
 0.743376
-0.780016
 0.400361
 0.480922
 0.424216
 0.723213
 0.544981
-0.927602
 0.356967
-0.110133
 0.677508
-0.320426
 0.662050
 0.283107
-0.919578
 0.272445
 0.406916
 0.879835
-0.245581
-0.070208
 0.696905
 0.713719
 0.334087
-0.665368
 0.667586
-0.110160
 0.024212
 0.993619
-0.098338
-0.217524
 0.971088
-0.642314
 0.760608
-0.094384
-0.691505
 0.653509
-0.307810
 0.534622
 0.100408
 0.839105
 0.257632
 0.857717
 0.444914
-0.109235
 0.489946
 0.864882
 0.630401
-0.559841
-0.537748
 0.121601
-0.761710
 0.636405
 0.314834
 0.621677
 0.717215
-0.164813
-0.919312
 0.357354
-0.008204
-0.999722
 0.022127
-0.490954
 0.481749
 0.725866
-0.320566
-0.093333
 0.942617
-0.321872
 0.144097
 0.935753
 0.125320
-0.347587
 0.929235
-0.827745
 0.181870
 0.530812
 0.044038
-0.969487
 0.241153
 0.528176
-0.532360
 0.661531
-0.101235
 0.979218
 0.175738
-0.535326
-0.618720
 0.574989
-0.742175
-0.624873
 0.242300
-0.241396
 0.784549
 0.571148
 0.715716
-0.090344
 0.692523
-0.111942
 0.264494
 0.957868
-0.990211
-0.109670
-0.086339
 0.406394
 0.913691
-0.003708
-0.732758
 0.671997
 0.107167
 0.927836
-0.205887
 0.311017
 0.524792
 0.521933
 0.672443
-0.193720
 0.908027
 0.371429
 0.088756
-0.889854
 0.447530
 0.363559
 0.900063
 0.240234
 0.596071
 0.792122
-0.131308
-0.552312
 0.821157
 0.143706
-0.446565
 0.892265
-0.066656
-0.263438
-0.535609
 0.802324
 0.521977
 0.777730
 0.350252
-0.227142
 0.972669
-0.048175
 0.529760
-0.692425
 0.489798
 0.948727
 0.033660
 0.314299
-0.897871
 0.323126
 0.299028
-0.692735
 0.091724
 0.715336
 0.109501
-0.106162
 0.988301
 0.330443
 0.431504
 0.839412
 0.500141
-0.815836
 0.290293
-0.511225
 0.240031
 0.825248
-0.936397
 0.092572
 0.338512
-0.808935
-0.284447
 0.514504
 0.802547
 0.443308
 0.399244
 0.745117
 0.666844
 0.010981
 0.327451
-0.002967
 0.944863
-0.690066
-0.149839
 0.708066
-0.777906
 0.551017
 0.302064
-0.323441
-0.691857
 0.645539
 0.855144
-0.037584
 0.517026
