138
 0.025243
 0.611025
 0.791209
-0.985741
-0.147452
 0.081069
 0.846665
-0.363624
 0.388506
 0.661409
 0.746442
 0.073234
 0.796044
 0.275655
 0.538821
 0.489356
-0.866225
 0.100925
 0.907901
 0.235456
 0.346809
-0.946762
-0.113975
 0.301083
-0.760809
 0.399582
 0.511375
-0.147147
 0.981430
 0.123058
-0.608348
 0.741758
 0.282325
-0.434906
-0.728077
 0.529870
-0.084275
-0.741766
 0.665343
-0.716202
-0.619942
 0.320509
 0.950619
 0.019430
 0.309752
-0.839293
 0.473862
 0.266537
-0.206609
 0.617268
 0.759140
 0.033683
-0.433079
 0.900726
 0.038443
 0.867066
 0.496707
 0.282973
-0.935540
 0.211405
-0.094450
 0.760916
 0.641939
-0.324795
 0.737856
 0.591673
 0.722976
 0.201753
-0.660759
-0.401521
-0.032146
 0.915285
-0.066830
-0.992062
-0.106517
-0.537732
 0.669149
 0.512917
 0.135282
-0.787480
 0.601310
 0.647269
 0.640039
 0.413996
-0.134741
-0.564190
 0.814576
 0.017423
-0.221299
 0.975050
-0.857822
-0.046054
 0.511880
 0.529037
 0.584369
 0.615331
 0.601379
-0.692226
 0.398957
 0.768759
-0.567434
 0.295004
 0.296237
-0.917864
-0.264140
-0.402771
 0.195392
 0.894202
 0.698489
 0.471966
 0.537924
 0.580793
 0.007531
 0.814016
 0.757359
 0.611641
 0.228695
-0.120285
-0.986766
 0.108739
-0.341980
-0.465023
 0.816581
 0.436610
 0.462390
 0.771730
-0.574616
 0.103812
 0.811813
-0.843158
-0.507172
 0.178497
 0.875104
-0.144006
 0.462013
 0.380541
-0.768125
 0.514949
-0.200181
 0.862826
 0.464176
 0.052837
-0.955434
 0.290436
 0.645005
-0.739397
 0.193029
-0.994959
 0.028035
-0.096280
 0.855517
 0.068759
 0.513189
-0.090873
 0.457681
 0.884461
-0.946177
 0.277802
 0.166057
-0.169876
-0.933211
 0.316639
 0.476146
 0.876352
 0.072749
 0.967867
-0.247151
 0.046376
-0.236298
-0.822090
 0.518007
 0.639815
-0.767737
-0.034883
-0.195934
-0.146122
 0.969669
 0.944800
-0.202048
 0.257934
-0.573183
-0.126034
 0.809677
-0.325444
 0.441249
 0.836293
 0.750796
-0.071423
 0.656662
 0.479847
-0.864119
-0.151805
 0.758527
-0.284945
 0.586040
 0.431823
-0.328622
 0.839962
 0.208618
-0.068529
 0.975593
-0.616918
-0.597247
 0.512550
-0.530574
-0.836825
 0.134965
 0.898005
 0.404766
 0.172485
 0.427593
-0.516973
 0.741555
 0.516478
 0.227440
 0.825543
 0.704195
 0.698980
-0.124646
-0.786579
 0.613048
-0.073932
-0.971964
-0.189743
-0.138863
 0.117867
 0.397249
 0.910110
-0.293767
-0.661565
 0.689951
 0.326203
-0.945234
-0.011123
 0.818206
 0.444918
 0.364124
-0.427385
 0.575434
 0.697293
-0.209371
 0.070182
 0.975314
 0.076586
-0.630465
 0.772430
 0.416715
-0.126852
 0.900143
 0.449435
-0.834578
 0.318573
-0.880299
 0.293670
 0.372601
-0.276450
-0.956855
-0.089468
 0.321122
 0.321242
 0.890889
-0.757988
 0.633742
 0.154356
-0.936374
 0.091773
 0.338794
 0.607808
-0.409895
 0.680114
 0.102089
-0.991036
 0.086175
-0.842747
-0.251741
 0.475820
 0.706712
-0.501688
 0.498865
 0.183933
 0.159480
 0.969915
-0.333458
-0.934232
 0.126554
-0.684120
-0.407716
 0.604771
-0.705255
 0.584263
 0.401562
 0.286994
-0.667402
 0.687174
-0.726379
 0.016115
 0.687105
-0.610146
 0.486579
 0.625271
-0.515674
 0.351476
 0.781374
 0.236576
 0.547513
 0.802659
 0.890559
-0.419528
 0.175784
 0.235895
-0.485901
 0.841578
-0.555821
-0.758977
 0.339142
-0.822038
 0.166861
 0.544437
 0.459982
 0.753497
 0.469744
 0.135020
 0.739728
 0.659221
-0.887983
 0.457722
 0.044454
-0.568368
-0.778932
-0.264994
-0.427730
 0.812944
 0.395183
-0.934082
-0.355458
 0.033772
-0.990343
 0.065511
 0.122185
 0.621280
 0.357036
 0.697521
-0.375671
-0.881008
-0.287570
 0.381739
 0.086856
 0.920180
-0.823721
-0.566236
-0.029336
 0.682815
-0.258350
-0.683388
-0.382632
-0.253042
 0.888573
-0.021682
-0.875646
 0.482467
 0.259362
 0.833223
 0.488334
 0.228108
-0.283446
 0.931464
 0.214186
-0.285446
-0.934155
 0.056134
-0.946943
-0.316461
 0.220914
-0.881280
 0.417784
-0.015052
 0.226992
 0.973780
 0.339622
 0.675274
 0.654723
-0.913308
-0.315906
 0.257043
-0.545271
-0.342806
 0.764960
-0.000000
-0.000000
 1.000000
 0.166196
 0.937701
 0.305116
-0.372655
-0.864808
 0.336505
 0.608857
-0.205634
 0.766164
 0.705782
 0.144238
 0.693590
-0.490741
-0.545242
 0.679621
-0.794505
-0.445508
 0.412656
 0.527162
-0.618320
 0.582907
-0.173620
-0.358330
 0.917309
