115
 0.609985
 0.369208
 0.701144
 0.756728
-0.245878
 0.605728
 0.219885
-0.130739
 0.966725
-0.245924
-0.763118
 0.597639
 0.649097
 0.739264
 0.179337
 0.594527
-0.374241
 0.711675
-0.011158
-0.245463
 0.969342
-0.490605
-0.871359
-0.006252
-0.566700
 0.582990
-0.582215
 0.425137
-0.252778
 0.869116
-0.727134
 0.676537
-0.116509
-0.791251
 0.186297
 0.582422
 0.951636
-0.281658
 0.122710
-0.578415
 0.815607
 0.014866
-0.230861
 0.383306
 0.894304
 0.360145
-0.681372
 0.637203
-0.904747
 0.221516
 0.363818
-0.811180
-0.252102
 0.527666
-0.676421
-0.734495
 0.054522
 0.921022
 0.374787
 0.106085
-0.067546
-0.674201
 0.735453
-0.821010
-0.570144
-0.029638
-0.471304
-0.438309
 0.765348
-0.959195
 0.253890
 0.124436
-0.461685
-0.638366
 0.615902
-0.424034
-0.226081
 0.876974
 0.768862
 0.021052
 0.639068
 0.037345
 0.700269
 0.712902
-0.407579
-0.805571
 0.430041
-0.658019
-0.477985
 0.581844
 0.215799
 0.342500
 0.914398
-0.236040
-0.360315
 0.902474
 0.135602
-0.751911
 0.645169
-0.183418
 0.611895
 0.769378
 0.213438
 0.927007
 0.308385
-0.194933
-0.911617
 0.361877
-0.116737
 0.808554
 0.576726
 0.998825
-0.046918
 0.012110
-0.410697
 0.886471
 0.213300
-0.033036
-0.476161
 0.878737
-0.619136
 0.377355
 0.688675
-0.568391
 0.582152
 0.581405
 0.617122
-0.125083
 0.776862
 0.436295
-0.007315
 0.899774
 0.520097
 0.600099
 0.607766
-0.438772
 0.277333
 0.854731
-0.187636
 0.966807
 0.173429
 0.299752
 0.695869
 0.652621
-0.045062
-0.991282
-0.123811
 0.444776
 0.861732
 0.244113
-0.979371
-0.189926
 0.069003
 0.597309
 0.692761
 0.404110
 0.617606
 0.133443
 0.775084
-0.761800
-0.605349
 0.230680
-0.626772
 0.154477
 0.763737
 0.715586
 0.487401
 0.500376
-0.860665
 0.440522
 0.255337
-0.924922
-0.222300
 0.308385
-0.114991
-0.985542
 0.124436
 0.869234
 0.352400
 0.346766
 0.457591
-0.774913
 0.436027
 0.229085
-0.858683
 0.458458
 0.430802
 0.239657
 0.870043
 0.053749
-0.951343
 0.303411
 0.126312
-0.989588
 0.069003
-0.707199
 0.595766
 0.380699
-0.027866
 0.931053
 0.363818
 0.195027
 0.555325
 0.808442
 0.202894
-0.362397
 0.909671
 0.412446
 0.469130
 0.780900
-0.033322
-0.854283
 0.518739
 0.174121
-0.574339
 0.799886
 0.382344
 0.800186
 0.462077
 0.974484
-0.016339
-0.223859
-0.409652
 0.506268
 0.758867
 0.882614
-0.470097
 0.000559
-0.899374
-0.411012
 0.148981
-0.266015
 0.873650
 0.407396
 0.965708
-0.074947
 0.248579
 0.901752
 0.128849
 0.412603
 0.830351
-0.502940
 0.239934
-0.000000
-0.000000
 1.000000
 0.783322
 0.559488
 0.270888
 0.304148
-0.919985
 0.247228
-0.411899
 0.040850
 0.910313
-0.770001
 0.403139
 0.494548
 0.881974
-0.306215
 0.358264
-0.000168
 0.246883
 0.969045
-0.274146
-0.568892
 0.775375
-0.481910
 0.758227
 0.439152
-0.624579
-0.653874
 0.427026
-0.015246
 0.476301
 0.879150
-0.663553
 0.657233
-0.357412
-0.608663
 0.756041
 0.240689
-0.363260
 0.931470
-0.020142
-0.894394
-0.015175
 0.447022
-0.552592
-0.796644
 0.244950
 0.397934
-0.483387
 0.779735
 0.766409
-0.630972
-0.120381
 0.528484
-0.821265
 0.215008
-0.275182
-0.959047
-0.067110
-0.338753
 0.708455
 0.619143
-0.971565
-0.156741
-0.177466
 0.877624
-0.098489
 0.469124
 0.743776
-0.458682
 0.486218
 0.135137
 0.839035
 0.527028
 0.762336
 0.045974
-0.645547
-0.347531
-0.919553
 0.183426
 0.224296
 0.108398
 0.968474
-0.587654
-0.073921
 0.805728
-0.219982
-0.111048
 0.969163
-0.808408
-0.441745
 0.389022
-0.212961
 0.147369
 0.965883
 0.776308
 0.256960
 0.575602
-0.646549
-0.280587
 0.709398
