134
 0.525053
-0.265196
 0.808697
 0.519761
-0.611767
-0.596314
 0.130884
 0.739045
 0.660819
 0.714835
 0.693771
 0.087710
-0.556259
-0.455018
 0.695367
 0.738033
-0.448285
 0.504328
 0.082141
-0.389038
 0.917552
-0.309743
 0.891864
-0.329603
 0.187040
-0.716672
 0.671861
 0.937505
-0.211744
 0.276132
 0.399529
-0.630131
 0.665817
-0.409394
-0.908484
 0.083986
 0.214994
-0.539443
 0.814113
-0.715928
 0.511211
 0.475511
-0.919134
-0.064221
 0.388674
-0.690920
 0.203655
 0.693653
-0.212922
-0.975505
 0.055262
 0.323735
 0.257956
 0.910305
-0.796655
 0.305565
 0.521508
-0.490128
-0.830528
 0.264571
-0.396320
 0.788284
 0.470679
 0.909757
 0.191001
 0.368593
-0.080613
-0.887964
 0.452793
-0.263236
 0.915964
 0.302848
-0.148487
 0.982360
 0.113672
 0.045863
 0.862090
 0.504676
 0.875186
-0.476257
-0.085028
-0.337515
-0.483599
 0.807599
 0.093978
-0.950808
 0.295181
 0.143926
-0.855052
 0.498168
 0.952609
-0.270367
-0.139420
-0.751051
 0.659680
 0.027293
-0.869152
-0.299649
 0.393429
 0.694431
 0.357858
 0.624262
-0.980063
 0.048239
 0.192740
-0.957670
-0.197171
 0.209744
-0.426575
 0.491147
 0.759479
 0.930729
-0.353305
 0.094439
-0.087177
-0.986800
-0.136476
 0.420125
 0.847745
 0.323765
-0.094606
 0.731356
 0.675403
 0.364523
-0.778171
 0.511441
 0.572580
-0.635851
 0.517538
-0.728410
-0.377792
 0.571569
 0.821426
-0.551107
 0.146767
 0.611592
-0.067386
 0.788299
-0.201878
-0.648339
 0.734099
-0.218371
 0.548751
 0.806962
-0.618781
-0.780286
 0.090910
 0.773022
 0.572307
 0.273682
-0.832191
 0.075406
 0.549338
-0.527881
-0.842065
-0.110758
 0.713377
-0.611049
 0.343091
-0.032376
-0.769418
 0.637924
-0.364000
 0.928542
 0.072902
-0.075522
 0.384793
 0.919908
-0.126707
-0.960799
 0.246597
 0.670195
 0.138297
 0.729186
 0.383517
 0.452997
 0.804803
-0.300919
-0.890656
 0.340852
 0.777662
-0.051309
 0.626586
 0.506109
 0.709225
 0.490769
-0.840664
 0.241099
-0.484927
-0.866147
 0.386417
 0.316973
-0.996791
-0.078126
 0.017454
-0.772838
-0.507518
 0.380982
 0.545414
 0.520831
 0.656703
 0.989006
-0.142037
 0.041144
 0.851398
 0.523177
 0.037518
 0.589960
-0.461012
 0.662884
-0.312887
 0.688503
 0.654267
 0.701842
-0.261223
 0.662707
-0.505687
 0.283759
 0.814715
-0.773790
 0.575381
 0.264926
-0.915365
 0.173693
 0.363233
-0.442723
-0.101989
 0.890839
 0.615891
 0.730347
 0.295418
 0.192776
 0.923459
 0.331753
 0.286043
 0.813551
 0.506276
-0.880038
-0.430483
 0.200545
-0.268483
-0.271866
 0.924124
 0.321512
 0.936440
 0.140390
-0.042720
 0.946336
 0.320348
-0.614866
-0.587524
 0.526076
-0.644170
 0.737808
 0.201704
-0.594987
 0.691806
 0.409140
 0.451318
-0.878337
 0.157593
-0.706770
-0.027572
 0.706906
-0.650318
-0.687813
 0.322488
 0.412994
-0.451978
 0.790665
 0.655698
-0.736533
 0.166067
-0.296232
 0.343575
 0.891181
-0.181032
 0.844862
 0.503424
-0.000000
-0.000000
 1.000000
-0.210771
-0.580805
-0.786283
-0.362948
 0.124780
 0.923417
-0.945040
-0.326275
 0.021064
-0.058898
-0.223752
 0.972865
 0.294182
-0.309803
 0.904146
-0.464340
 0.846732
 0.259679
 0.810859
 0.168913
 0.560336
-0.225681
-0.051538
 0.972837
-0.558517
 0.060703
 0.827269
 0.246917
 0.053767
 0.967544
-0.625688
 0.416476
 0.659593
 0.368480
 0.660082
 0.654610
-0.256950
-0.790687
 0.555689
 0.812456
 0.386599
 0.436414
-0.415243
-0.634020
 0.652374
 0.526498
-0.775666
 0.348054
 0.898919
-0.027521
 0.437250
-0.771007
-0.619432
 0.147828
 0.241650
-0.963712
 0.113421
-0.808544
-0.166434
 0.564408
 0.007918
-0.603710
 0.797164
 0.083121
 0.207628
 0.974670
 0.853393
-0.413663
 0.317180
 0.151868
 0.403214
 0.902416
-0.639618
-0.224670
 0.735127
-0.130574
-0.449698
 0.883585
-0.466905
-0.304360
 0.830280
-0.561375
 0.827271
 0.021922
 0.675562
 0.562071
 0.477172
 0.397033
-0.106025
 0.911660
-0.147862
 0.174204
 0.973545
 0.021756
-0.997176
 0.071875
 0.461969
 0.752437
-0.469492
 0.890442
 0.397266
 0.222021
-0.974927
 0.004503
-0.222480
 0.160045
-0.154584
 0.974930
-0.004403
 0.578617
 0.815587
 0.476591
 0.099535
 0.873472
 0.537740
 0.304863
 0.786062
 0.966165
 0.203994
 0.157835
