54
 0.709865
 0.241411
 0.661674
-0.748020
 0.028172
 0.663077
-0.376106
-0.617862
 0.690501
-0.091531
-0.099182
 0.990851
-0.110710
-0.925445
-0.362346
-0.234756
 0.562199
 0.792983
-0.050816
-0.471016
 0.880660
 0.724650
 0.516268
 0.456452
-0.185310
 0.246558
 0.951246
-0.527518
 0.305721
 0.792628
 0.817754
 0.554723
-0.153493
 0.175059
 0.123698
 0.976757
-0.064560
-0.949174
 0.308061
-0.344522
-0.323431
 0.881304
-0.651019
-0.595072
 0.471236
 0.578307
-0.764202
 0.285582
 0.937600
-0.056872
-0.343032
-0.898571
-0.401443
-0.177242
 0.239467
-0.579742
 0.778816
-0.454078
-0.002350
 0.890959
 0.578286
-0.814557
-0.045618
-0.060241
-0.763322
 0.643204
-0.363894
-0.930405
-0.043917
 0.288465
-0.946959
 0.141625
-0.546578
 0.576549
 0.607326
 0.782565
-0.115962
 0.611674
 0.544881
-0.337552
 0.767570
-0.959831
-0.244713
 0.137263
 0.438414
 0.814427
 0.380135
 0.943764
-0.311961
-0.109501
-0.631694
-0.310992
 0.710103
 0.685430
 0.710182
 0.160709
 0.096748
 0.471056
 0.876782
 0.513770
-0.003168
 0.857922
-0.575420
-0.800158
 0.169228
-0.233129
 0.948335
 0.215202
-0.821116
 0.559553
-0.112557
-0.796056
 0.339694
 0.500903
 0.910650
 0.133184
 0.391125
 0.240406
-0.239312
 0.940710
 0.498580
-0.639217
 0.585508
 0.997852
-0.001922
 0.065473
-0.490770
 0.788039
 0.371670
 0.137120
 0.736330
 0.662583
-0.044953
-0.998846
-0.016883
-0.354060
-0.840741
 0.409630
-0.455729
-0.606172
-0.651818
-0.770915
 0.583057
 0.256388
 0.236443
-0.847294
 0.475592
 0.929074
-0.239849
 0.281593
-0.187444
 0.808212
 0.558263
-0.845490
-0.281278
 0.453904
 0.758200
-0.456413
 0.465640
 0.421717
 0.337689
 0.841499
