147
-0.546938
-0.188325
 0.815716
-0.454043
-0.686262
 0.568233
-0.241661
-0.524129
 0.816633
-0.467251
 0.398443
 0.789253
-0.938217
-0.329360
 0.106169
-0.717282
-0.202919
 0.666581
 0.810314
 0.189673
 0.554450
 0.614279
 0.675070
-0.408584
-0.318963
 0.562487
 0.762805
 0.996431
-0.061365
 0.057957
 0.175633
-0.424555
 0.888204
 0.302431
-0.014536
 0.953061
 0.161948
 0.881847
 0.442853
 0.251770
-0.230307
 0.939984
 0.361431
 0.803885
 0.472374
-0.796962
 0.349835
 0.492409
-0.266223
-0.687582
 0.675542
 0.220425
 0.750675
 0.622816
-0.809810
 0.579042
 0.094438
 0.955814
-0.128870
 0.264221
-0.695060
 0.526696
 0.489370
 0.399981
-0.362799
 0.841661
 0.175626
-0.981124
 0.080936
 0.724946
 0.577145
 0.375974
 0.117688
 0.502271
 0.856664
-0.282355
 0.023094
 0.959032
-0.745206
 0.656281
-0.118166
 0.298217
-0.826905
 0.476754
 0.008317
 0.810664
 0.585453
 0.438090
 0.656505
 0.614066
-0.425165
 0.873515
 0.237078
-0.734345
 0.611684
 0.294247
 0.602394
 0.798185
 0.004679
-0.028684
 0.338277
 0.940609
-0.647994
 0.381452
 0.659240
 0.478216
 0.826653
 0.296570
-0.365026
 0.701500
 0.612090
-0.698841
-0.681912
 0.215909
-0.872811
-0.359485
 0.330109
-0.909910
 0.401409
 0.104568
-0.197912
 0.826616
 0.526817
 0.456414
 0.803170
-0.382890
 0.796298
-0.018973
 0.604606
 0.442721
 0.890739
 0.102874
-0.807543
-0.024319
 0.589307
-0.577865
 0.203719
 0.790298
 0.326254
-0.694854
 0.640887
 0.754608
 0.655921
-0.018285
-0.924855
-0.005604
 0.380278
 0.344633
 0.407239
 0.845804
-0.950505
-0.282768
-0.128773
 0.058341
 0.667923
 0.741940
 0.677248
 0.127780
 0.724574
 0.493446
-0.707918
 0.505335
-0.439710
-0.537405
 0.719619
-0.196017
-0.337966
 0.920520
-0.522500
 0.556270
 0.646187
 0.782836
 0.596391
 0.177442
-0.540607
-0.818760
 0.193328
-0.861263
 0.156877
 0.483338
 0.870312
-0.481614
 0.102986
-0.387731
 0.912626
-0.129535
-0.132958
-0.137450
 0.981545
 0.325768
-0.537663
 0.777685
-0.846929
 0.435905
 0.304465
 0.746440
-0.225425
 0.626108
-0.924913
 0.232511
 0.300790
-0.735277
 0.182782
 0.652655
-0.950744
-0.177872
 0.253865
 0.573217
-0.295320
 0.764335
 0.871192
-0.184556
 0.454932
-0.972990
 0.207829
 0.100489
-0.510333
 0.858694
 0.046968
 0.630145
 0.530681
 0.566829
 0.023021
 0.999735
 0.000721
-0.482699
 0.011976
 0.875704
 0.087921
 0.970186
 0.225850
-0.235972
 0.916991
 0.321629
-0.039766
 0.919212
 0.391749
 0.352680
 0.191422
 0.915955
-0.592635
-0.374071
 0.713340
-0.859580
-0.195519
 0.472118
 0.785665
-0.540359
 0.301236
 0.658121
-0.575109
 0.485928
-0.077879
-0.810389
 0.580694
-0.306477
-0.906363
 0.290823
 0.286153
 0.592340
 0.753160
 0.583785
-0.799682
 0.140375
 0.510371
 0.058030
 0.857994
 0.020649
-0.291988
 0.956199
-0.113589
-0.916369
 0.383883
 0.906919
 0.027412
 0.420412
-0.755910
-0.371854
 0.538818
-0.758615
-0.526541
 0.383741
-0.154917
 0.696371
 0.700763
-0.881983
-0.469590
-0.039888
 0.786902
 0.391420
 0.477049
 0.134531
 0.126923
 0.982747
 0.643009
-0.086025
 0.761012
 0.792528
-0.391281
 0.467759
-0.097887
 0.532859
 0.840523
 0.033838
-0.970881
 0.237159
 0.635301
-0.702964
 0.319742
-0.404082
-0.364156
 0.839112
-0.659350
-0.004509
 0.751822
 0.525580
 0.273643
 0.805534
-0.618864
-0.534799
 0.575324
 0.130865
-0.616922
 0.776068
-0.305701
 0.948853
 0.078904
 0.954491
-0.281674
 0.098016
 0.454176
-0.148833
 0.878392
-0.057684
 0.069151
 0.995937
 0.654153
-0.420676
 0.628582
 0.864762
 0.422281
 0.271781
 0.903882
 0.233704
 0.358302
 0.893181
-0.344724
 0.288780
 0.983646
-0.021238
-0.178855
 0.090893
-0.890736
 0.445340
-0.592512
 0.758421
 0.271526
-0.384333
-0.918367
 0.094287
 0.498360
 0.478242
 0.723133
-0.561228
 0.681377
 0.469839
-0.398451
 0.807983
 0.434052
 0.174943
 0.316604
 0.932286
-0.113587
 0.980370
 0.161162
 0.125229
-0.769934
 0.625715
 0.973342
 0.086840
 0.212283
-0.068507
-0.666700
 0.742171
-0.234919
-0.970120
-0.060666
 0.502015
-0.545108
 0.671445
 0.673042
 0.336694
 0.658523
-0.188787
 0.217651
 0.957595
-0.838817
-0.515644
 0.174634
 0.245151
-0.925237
 0.289546
 0.453484
-0.830362
 0.323807
-0.350693
-0.174454
 0.920098
 0.287765
 0.918284
 0.271930
-0.675605
 0.733421
 0.075181
-0.164819
-0.974433
 0.152690
 0.640125
 0.739443
 0.208482
 0.275389
 0.818949
-0.503471
-0.394241
 0.215257
 0.893442
 0.565324
 0.698264
 0.439131
-0.258769
 0.399102
 0.879634
 0.093069
-0.092597
 0.991345
 0.990461
 0.135750
-0.023648
-0.034558
-0.489573
 0.871277
