92
-0.553960
-0.437925
 0.708061
 0.912246
 0.334723
 0.236152
 0.588257
-0.302998
 0.749764
-0.516962
 0.675997
 0.525146
 0.779357
-0.611841
 0.135105
-0.248488
 0.737523
 0.627944
 0.760596
-0.342689
 0.551415
-0.731304
 0.073523
 0.678078
 0.994923
 0.094072
 0.035744
-0.841731
-0.533684
-0.081672
-0.884577
 0.385773
 0.262112
 0.347600
-0.256946
 0.901750
 0.142569
 0.523736
 0.839866
-0.337800
 0.338101
 0.878396
-0.594963
 0.755914
 0.273156
-0.200789
 0.979283
-0.026234
 0.403769
 0.834059
 0.375920
-0.750157
-0.290811
 0.593880
-0.230479
 0.119464
 0.965716
 0.786176
 0.403854
 0.467792
-0.231968
-0.757785
 0.609879
-0.779731
 0.610043
 0.140952
-0.392673
-0.292769
 0.871834
-0.621369
-0.721408
 0.305730
 0.348011
 0.660223
 0.665578
 0.914306
-0.404852
 0.011813
-0.241170
-0.957814
 0.156297
 0.136935
-0.466545
 0.873833
-0.132738
-0.903835
 0.406770
 0.144407
-0.960896
-0.236276
-0.404950
 0.544413
 0.734595
 0.030506
 0.715483
 0.697964
 0.567294
-0.557972
 0.605677
-0.952644
-0.084762
-0.292034
-0.620894
 0.426573
 0.657667
-0.042615
 0.972195
-0.230263
-0.342390
-0.932189
-0.117438
-0.815102
-0.540734
 0.207886
-0.555131
 0.212608
 0.804132
-0.728028
 0.543631
 0.417661
-0.488290
-0.867009
 0.099337
-0.392328
-0.841103
 0.372322
-0.613864
 0.789306
-0.012965
-0.487131
-0.665683
 0.565305
-0.706996
-0.526806
 0.471839
 0.580779
 0.791717
 0.189418
 0.136045
 0.945197
 0.296807
 0.734295
 0.605614
 0.306664
 0.396072
 0.443535
 0.803992
 0.576520
-0.761440
 0.296367
 0.941135
 0.331827
-0.064461
-0.349370
 0.850857
 0.392407
 0.562361
 0.660787
 0.497103
 0.675620
 0.200184
 0.709552
-0.878946
-0.323593
 0.350345
-0.795531
 0.288701
 0.532712
 0.967111
 0.099736
-0.233986
 0.234238
-0.684244
 0.690611
-0.619948
-0.150854
 0.770005
 0.972708
-0.163746
 0.164395
 0.387343
-0.493242
 0.778895
 0.240694
-0.891664
 0.383409
-0.144317
 0.549843
 0.822706
-0.920551
 0.137357
 0.365675
 0.289211
-0.002524
 0.957262
-0.051178
 0.329913
 0.942623
-0.400958
 0.900043
-0.170750
 0.028559
 0.053899
 0.998138
-0.313756
-0.552588
 0.772143
 0.417650
-0.751960
 0.510024
-0.067973
-0.996826
-0.041437
 0.464821
 0.199384
 0.862663
-0.072517
 0.874429
 0.479704
-0.443766
-0.011761
 0.896066
 0.208911
 0.267703
 0.940580
 0.606856
 0.453196
 0.652947
 0.843134
 0.150345
 0.516256
 0.719292
-0.569935
 0.397230
 0.543632
-0.052328
 0.837691
-0.039449
-0.643126
 0.764743
-0.696153
-0.717181
 0.031971
-0.981965
 0.158458
 0.103131
 0.878057
-0.381694
 0.288660
 0.057974
-0.823400
 0.564492
 0.082540
-0.215940
 0.972912
-0.128733
-0.406516
 0.904529
 0.198063
 0.823698
 0.531312
 0.889254
-0.135744
 0.436808
-0.411256
 0.902449
 0.128276
-0.860110
-0.074252
 0.504676
 0.746354
-0.072648
 0.661573
-0.185789
-0.147262
 0.971492
