118
 0.138204
-0.151299
 0.978779
 0.076798
-0.762167
 0.642809
-0.994415
-0.032019
 0.100563
 0.207528
-0.918396
-0.336870
 0.093478
-0.593739
 0.799210
-0.301947
-0.131003
 0.944281
 0.801561
 0.465258
 0.375546
-0.059443
-0.028434
 0.997827
 0.905349
-0.392073
 0.163162
-0.522171
-0.749866
 0.406249
 0.795329
 0.560424
-0.231033
 0.809280
 0.022866
 0.586978
 0.324264
-0.282806
 0.902703
-0.423838
 0.813704
 0.397803
-0.740073
 0.625514
 0.247033
 0.315930
 0.900864
 0.297713
-0.540240
-0.371732
 0.754954
-0.817406
 0.041635
 0.574555
-0.843972
-0.383290
 0.375235
-0.702443
-0.167608
 0.691724
-0.122696
-0.486736
 0.864890
-0.863764
 0.421485
 0.276156
-0.748892
 0.466343
 0.470834
-0.075715
 0.239656
 0.967901
 0.920597
 0.035585
 0.388890
 0.685014
 0.233345
 0.690149
-0.686537
-0.581414
 0.436607
 0.055343
-0.890362
 0.451877
-0.157518
-0.832254
 0.531546
 0.319345
-0.504560
 0.802146
-0.932839
-0.006880
 0.360229
 0.655411
 0.005370
 0.755253
-0.257367
-0.958805
 0.120232
 0.604601
-0.760861
 0.235688
 0.649212
 0.733686
-0.200569
 0.536577
 0.798728
 0.272249
-0.264700
 0.963359
-0.043284
-0.675826
 0.603283
-0.423448
-0.255928
 0.094643
 0.962052
-0.946101
-0.216371
 0.240991
 0.985801
-0.160439
 0.049558
-0.868147
 0.235798
 0.436715
 0.482802
 0.585401
 0.651312
-0.906761
-0.409574
 0.100170
-0.606942
 0.661128
 0.441056
 0.879119
 0.454340
 0.143962
 0.109580
 0.372532
 0.921527
-0.959549
 0.177062
 0.218895
 0.499465
 0.139638
 0.855006
-0.470840
 0.081540
 0.878442
 0.316792
 0.263165
 0.911256
-0.924641
-0.260523
-0.277788
 0.777486
-0.595454
 0.202364
 0.279965
-0.838743
 0.467044
-0.189086
 0.644234
 0.741087
 0.694636
-0.422403
 0.582286
 0.840625
-0.202055
 0.502518
-0.136869
 0.458411
 0.878138
-0.239478
 0.791652
 0.562083
-0.827477
 0.411092
-0.382473
-0.169471
-0.980840
-0.096084
-0.103364
-0.950065
 0.294437
 0.574025
-0.791709
-0.209024
-0.430257
 0.666722
 0.608573
-0.660249
 0.064776
 0.748248
 0.985608
 0.042348
 0.163654
-0.933063
 0.353499
 0.066572
-0.097254
-0.265756
 0.959122
 0.367775
-0.914589
-0.168133
 0.163758
-0.953346
 0.253602
 0.503757
-0.143673
 0.851814
 0.001128
-0.996897
 0.078708
 0.613389
 0.788748
 0.040374
-0.589798
 0.488754
 0.642851
 0.425501
 0.761515
 0.488922
-0.140977
-0.679310
 0.720183
 0.521287
-0.375691
 0.766235
-0.034051
 0.873026
 0.486484
 0.202209
 0.840933
 0.501939
-0.331202
-0.349314
 0.876519
 0.489301
-0.742928
 0.456774
-0.539866
-0.572490
 0.617089
 0.829489
-0.557453
-0.034552
 0.103055
-0.985520
-0.134649
 0.627398
 0.637199
 0.447603
 0.675703
 0.446647
 0.586457
 0.304565
 0.494236
 0.814230
 0.071380
 0.951477
 0.299327
-0.713088
-0.385185
 0.585780
-0.326520
 0.307669
 0.893714
 0.019114
 0.744137
 0.667754
-0.359848
-0.727961
 0.583594
-0.939307
 0.186595
-0.287896
-0.847756
-0.185026
 0.497067
 0.134683
 0.116675
 0.983996
 0.509280
 0.375750
 0.774239
-0.325532
-0.873776
 0.361310
 0.306074
-0.691011
 0.654845
 0.067609
 0.576751
 0.814118
 0.514464
-0.578102
 0.633343
 0.262003
 0.686937
 0.677844
 0.782994
 0.622030
-0.000511
 0.682116
-0.731244
-0.000127
 0.726479
 0.648073
 0.228539
-0.727297
 0.274125
 0.629202
 0.396432
-0.881865
 0.255257
-0.544002
 0.296455
 0.784969
 0.330663
-0.009846
 0.943697
-0.345252
-0.552548
 0.758612
-0.469224
-0.867860
 0.163240
 0.693141
-0.215054
 0.687973
-0.493981
 0.868863
-0.032571
-0.380981
 0.502071
 0.776388
-0.971165
-0.236191
-0.032429
 0.107855
-0.389209
 0.914813
-0.518376
-0.151192
 0.841681
 0.828937
 0.255268
 0.497696
-0.409173
-0.909215
-0.076846
