139
 0.748102
-0.265722
 0.608059
-0.263203
 0.742514
 0.615952
 0.718025
-0.681562
-0.141113
-0.497436
-0.860565
 0.109478
-0.818075
-0.569096
 0.082960
-0.843272
 0.374655
 0.385391
-0.018611
-0.888802
 0.457914
 0.855607
-0.457294
 0.242528
 0.592142
 0.145886
 0.792518
-0.385815
-0.872379
 0.300169
 0.875478
 0.135921
 0.463750
 0.367502
 0.673346
 0.641519
-0.210833
-0.095891
 0.972807
 0.556598
-0.785726
 0.269878
-0.805756
 0.195364
 0.559097
-0.111298
 0.100758
 0.988666
 0.461189
-0.740625
-0.488650
 0.473366
-0.434359
 0.766327
 0.292833
-0.585072
 0.756267
 0.531192
 0.690333
 0.491198
 0.688408
-0.057372
 0.723051
-0.348834
 0.071945
 0.934419
-0.226256
 0.968260
-0.106209
 0.995290
 0.091516
-0.031991
-0.324704
-0.687489
 0.649558
 0.860747
-0.281798
 0.423915
 0.548429
-0.829134
-0.108456
-0.442405
 0.598876
 0.667552
 0.650360
 0.693262
 0.310514
 0.592970
-0.251882
 0.764815
 0.983341
-0.077318
-0.164508
-0.862722
-0.424093
 0.275420
-0.060671
-0.254006
 0.965298
-0.954766
-0.221677
 0.198197
 0.162216
 0.781631
 0.602278
-0.141992
-0.446009
 0.883693
-0.766237
-0.431398
 0.476210
 0.829790
-0.067657
 0.553959
 0.650130
 0.343147
 0.677924
-0.258932
-0.842834
 0.471789
-0.633144
-0.601780
 0.486816
 0.941301
-0.258215
 0.217434
 0.033758
 0.969290
 0.243594
-0.932433
 0.305334
 0.193234
 0.332077
 0.493308
 0.803973
 0.854250
 0.023125
-0.519347
 0.037257
-0.056423
 0.997712
-0.241508
 0.595274
 0.766370
 0.749659
 0.651288
 0.117621
 0.989823
-0.042874
 0.135693
 0.790625
 0.342150
 0.507785
-0.068022
 0.894348
 0.442170
 0.519134
 0.520705
 0.677766
-0.434756
-0.133727
 0.890564
-0.336541
-0.508829
 0.792359
 0.209333
-0.867843
 0.450587
 0.956586
 0.121281
 0.265015
 0.100499
 0.465641
 0.879249
-0.646912
-0.393992
 0.652898
-0.740775
-0.604079
 0.293839
 0.276846
-0.407498
 0.870231
 0.580672
 0.755635
-0.303045
-0.280939
-0.952764
 0.115382
-0.245504
 0.266890
 0.931932
-0.276022
 0.855733
 0.437645
-0.722806
 0.400133
 0.563422
 0.871589
 0.471212
 0.135248
-0.470768
 0.243086
 0.848108
 0.651826
-0.754892
 0.072538
 0.761869
-0.473510
 0.441977
 0.437647
-0.778784
 0.449399
-0.456570
 0.884951
-0.091677
-0.961248
-0.256121
-0.102005
-0.364503
 0.429258
 0.826363
 0.162601
 0.984335
 0.068155
-0.943823
-0.053459
 0.326099
-0.051688
 0.780096
 0.623521
 0.401473
-0.232813
 0.885786
 0.640475
-0.453151
 0.620037
-0.615685
 0.584879
 0.528062
 0.929463
-0.079555
 0.360235
-0.561072
 0.421381
 0.712486
 0.348718
 0.815095
 0.462617
 0.618787
-0.641519
 0.453383
 0.096817
-0.955332
 0.279226
-0.978338
 0.206999
-0.002625
 0.478168
 0.829844
 0.287602
-0.127445
 0.444682
 0.886575
 0.334520
-0.938626
-0.084134
 0.388675
 0.139758
 0.910714
-0.766591
-0.214442
 0.605271
 0.802578
-0.594374
 0.050866
-0.194186
 0.948331
 0.250920
 0.726708
-0.635423
 0.261022
-0.657250
 0.222935
 0.719946
 0.251616
 0.312599
 0.915954
 0.922072
 0.381739
-0.063709
 0.153810
 0.125135
 0.980145
 0.507657
-0.047074
 0.860273
-0.506402
-0.558605
 0.656900
 0.167273
-0.233047
 0.957971
-0.421905
 0.862433
 0.279653
-0.038852
-0.992637
 0.114730
-0.461419
-0.740843
 0.488103
 0.082018
-0.618930
 0.781152
-0.154736
-0.942543
 0.296089
 0.589355
 0.801774
 0.099090
-0.132587
-0.624189
 0.769941
-0.874559
-0.245433
 0.418221
 0.142815
 0.894244
 0.424183
 0.672207
 0.528403
 0.518583
 0.286287
-0.050181
 0.956829
-0.393984
-0.915788
-0.078165
 0.069077
-0.437911
 0.896361
 0.298597
-0.735778
 0.607841
-0.120241
-0.774290
 0.621303
-0.032965
 0.629797
 0.776060
-0.675976
-0.730326
 0.098390
-0.744653
 0.564992
 0.355353
-0.602037
 0.730520
 0.322322
 0.091169
-0.771350
 0.629848
 0.089501
-0.994204
-0.059567
-0.557119
 0.040213
 0.829458
 0.471644
 0.329740
 0.817816
 0.783712
 0.524254
 0.333095
-0.846722
 0.504503
 0.168933
-0.274674
-0.926482
-0.257263
 0.342385
-0.896834
 0.280111
 0.911653
-0.410050
 0.027362
 0.913649
-0.163585
-0.372136
-0.487235
-0.351206
 0.799535
-0.295107
-0.296863
 0.908176
 0.890373
 0.329462
 0.314150
 0.005008
 0.281008
 0.959692
-0.618972
-0.177584
 0.765074
 0.177330
 0.633786
 0.752907
 0.753637
 0.144278
 0.641261
 0.485204
-0.613019
 0.623526
-0.724918
 0.008326
 0.688785
