114
-0.712121
 0.364658
 0.599923
-0.499167
-0.300794
 0.812622
-0.315110
-0.686014
 0.655813
 0.219962
 0.192997
 0.956226
-0.353049
 0.669347
 0.653705
-0.461401
 0.133972
 0.877018
-0.082413
-0.976536
 0.198963
 0.534392
-0.740339
 0.407827
-0.515086
 0.342274
 0.785834
 0.927795
-0.356741
 0.109232
 0.498229
-0.145108
 0.854817
-0.630822
-0.773134
 0.065786
-0.383145
-0.080889
 0.920140
 0.330786
-0.325713
 0.885715
-0.074662
 0.475961
 0.876291
-0.300541
-0.505831
 0.808585
-0.079394
-0.611185
 0.787496
-0.684476
 0.574834
 0.448395
 0.950833
-0.164458
 0.262432
 0.324302
 0.922222
 0.210559
-0.882470
-0.458462
-0.105161
 0.352437
-0.550280
 0.756954
-0.070660
-0.400817
 0.913429
 0.113101
-0.244191
 0.963109
-0.990446
-0.029119
-0.134791
 0.447355
-0.889380
-0.094218
-0.788716
-0.606380
 0.101149
 0.059942
-0.998141
 0.010985
 0.143831
-0.490720
 0.859364
-0.523670
-0.685054
 0.506429
 0.702115
-0.563426
 0.435414
-0.512664
-0.512236
 0.689050
-0.091151
-0.902010
 0.421983
-0.202861
 0.078305
 0.976072
 0.854452
-0.350386
 0.383590
-0.738358
-0.659253
-0.142171
-0.823227
-0.453530
 0.341479
 0.550180
 0.815248
 0.180754
 0.170535
 0.421760
 0.890526
-0.317129
 0.494836
 0.809053
 0.922768
 0.059125
 0.380792
 0.492939
-0.730481
-0.472661
 0.542577
-0.574625
 0.612712
 0.343806
-0.870015
 0.353370
 0.539003
-0.369526
 0.756919
 0.692631
 0.486851
 0.532201
 0.985209
-0.170427
-0.017811
 0.689603
 0.491027
-0.532297
-0.320735
-0.826065
 0.463407
 0.021151
 0.810170
 0.585813
 0.772658
-0.591752
-0.229849
-0.286960
 0.953938
-0.087506
-0.436542
-0.899275
 0.027103
 0.082372
-0.923206
-0.375374
 0.667151
 0.273553
 0.692877
 0.138148
-0.847936
 0.511782
-0.513594
-0.810547
 0.281486
 0.225630
-0.819821
-0.526294
-0.833210
-0.255479
 0.490399
 0.535024
 0.460541
 0.708273
 0.849425
-0.146588
 0.506941
 0.816318
-0.577602
-0.001097
-0.684135
-0.285209
 0.671278
-0.066400
-0.977162
-0.201856
 0.351252
-0.736691
 0.577848
 0.638036
 0.675357
 0.369869
 0.438819
 0.103292
 0.892619
-0.545741
 0.532519
 0.646986
 0.263609
 0.754145
 0.601477
-0.905979
-0.404419
 0.125091
 0.491786
 0.656825
 0.571601
 0.281448
-0.071958
 0.956875
-0.023027
 0.258142
 0.965832
 0.360233
-0.873188
-0.328292
-0.113943
-0.146613
 0.982610
 0.717577
-0.371386
 0.589198
-0.088308
-0.779089
 0.620663
-0.839266
 0.389226
 0.379651
-0.781035
-0.048278
 0.622618
 0.593652
-0.761053
-0.261486
 0.628128
 0.063458
 0.775518
 0.420378
 0.812909
 0.403065
-0.602122
-0.071077
 0.795234
 0.101927
 0.635956
 0.764965
-0.272344
 0.294839
 0.915914
-0.308938
-0.920521
 0.239163
 0.211268
-0.963075
-0.166891
 0.055130
 0.020550
 0.998268
-0.837148
 0.176155
 0.517834
-0.285514
-0.294798
 0.911908
 0.492823
-0.856022
 0.156050
 0.326828
 0.563825
 0.758476
 0.652239
-0.757358
-0.031523
 0.809859
 0.486990
 0.327060
 0.208786
 0.977949
 0.004855
-0.672980
 0.154631
 0.723317
-0.989149
-0.025749
 0.144641
-0.974770
-0.222991
-0.009924
 0.797634
 0.071442
 0.598896
-0.913701
-0.022548
 0.405761
 0.142647
-0.692796
 0.706884
 0.413460
 0.326936
 0.849802
 0.695356
-0.159054
 0.700844
 0.910344
-0.389335
-0.140330
 0.827992
 0.283416
 0.483843
-0.937189
-0.220477
 0.270309
-0.943019
 0.185412
 0.276291
-0.128038
 0.671096
 0.730231
 0.818357
-0.527077
 0.229087
-0.176190
-0.893944
-0.412093
-0.686848
-0.652858
 0.319400
 0.136437
-0.949899
 0.281204
 0.930116
 0.264533
 0.254766
-0.672570
 0.710596
-0.206649
