107
 0.567828
-0.311393
 0.761975
-0.587614
-0.806896
-0.060233
-0.727714
-0.673344
 0.130542
 0.145223
-0.634488
 0.759168
 0.603371
 0.725247
 0.331601
 0.490557
-0.744278
 0.453216
-0.628589
 0.740597
 0.237472
-0.213097
 0.870355
 0.443927
 0.245060
 0.421384
 0.873144
-0.433351
 0.828663
 0.354294
 0.871667
 0.448463
 0.197681
-0.298308
 0.360910
 0.883604
-0.708717
 0.216449
 0.671468
 0.922006
 0.028756
 0.386106
-0.442601
 0.529550
 0.723658
 0.727559
-0.359905
 0.584061
 0.497237
 0.404278
 0.767668
 0.025290
 0.866909
 0.497824
-0.076153
-0.517385
 0.852358
-0.452808
-0.786915
 0.419200
 0.400381
 0.214565
 0.890874
 0.810694
 0.487831
-0.323722
-0.485663
-0.628704
 0.607340
 0.693257
 0.362729
 0.622753
 0.897960
-0.393938
-0.196163
 0.854892
-0.387023
 0.345503
 0.090780
-0.960324
 0.263698
-0.848867
 0.167105
-0.501498
 0.950987
-0.189970
 0.243999
-0.488644
-0.426204
 0.761299
 0.000000
 0.000000
 1.000000
-0.291980
-0.911374
 0.290078
 0.796902
 0.100449
 0.595699
-0.336545
 0.721371
 0.605278
-0.702462
 0.563935
-0.434193
 0.083420
 0.598912
 0.796458
-0.600402
 0.024277
 0.799330
 0.457741
-0.870504
 0.180820
 0.129059
 0.218395
 0.967289
-0.196822
 0.568435
 0.798839
-0.290999
-0.358210
 0.887133
 0.843254
 0.301052
 0.445297
-0.648237
-0.248718
 0.719673
-0.239879
-0.084593
 0.967110
-0.924119
-0.291888
 0.246587
 0.374130
-0.250935
 0.892781
 0.416091
 0.762400
 0.495596
 0.329006
-0.709603
 0.623072
-0.521878
 0.296488
 0.799836
 0.251910
-0.948008
-0.194479
-0.075670
-0.275455
 0.958331
 0.194430
 0.972339
 0.129434
 0.547047
-0.550999
 0.630190
 0.151623
-0.186406
 0.970702
 0.634462
-0.727644
 0.260751
-0.771605
-0.063569
 0.632918
 0.944997
 0.221419
 0.240737
-0.674959
-0.470421
 0.568450
-0.391752
 0.105591
 0.913992
-0.263562
 0.961333
-0.079840
 0.993607
 0.017199
 0.111575
 0.124174
-0.831872
 0.540897
-0.869398
-0.490283
 0.061396
 0.512757
-0.043564
 0.857428
-0.557685
 0.661954
 0.500803
 0.196007
 0.753946
 0.627014
 0.916715
 0.086939
-0.389969
 0.916421
-0.393680
 0.072027
 0.370187
-0.493053
 0.787312
 0.745103
 0.532323
 0.401812
-0.150775
 0.184520
 0.971195
-0.536134
-0.822842
 0.188391
 0.651992
-0.758073
 0.015244
-0.855386
 0.123274
 0.503109
 0.988111
 0.053865
-0.143999
-0.802138
 0.589946
 0.092405
-0.652200
 0.456151
 0.605443
-0.981676
 0.187996
 0.031147
-0.060605
-0.730842
 0.679851
 0.153241
-0.420746
 0.894142
 0.571241
 0.584818
 0.575909
-0.946713
 0.163179
 0.277680
-0.458255
-0.167053
 0.872981
-0.283197
-0.596259
 0.751182
-0.963608
-0.267317
 0.000713
 0.295975
-0.879771
 0.372023
 0.050621
-0.998377
-0.026104
-0.126049
-0.982572
 0.136618
 0.800028
-0.575310
 0.170215
-0.460654
 0.883312
 0.086939
-0.745704
 0.563926
 0.354842
-0.029857
 0.406398
 0.913208
 0.354335
 0.598480
 0.718518
-0.816372
-0.286315
 0.501558
-0.088567
 0.738433
 0.668485
 0.369589
 0.928571
-0.034053
-0.751400
-0.645539
-0.136667
-0.082464
-0.900401
 0.427174
 0.284573
 0.015513
 0.958529
-0.259165
-0.785148
 0.562474
-0.821944
 0.356138
 0.444493
-0.652527
-0.654494
 0.381898
 0.622090
 0.160859
 0.766243
 0.425476
 0.875481
 0.229136
 0.702801
-0.103760
 0.703778
-0.012580
 0.961802
 0.273456
 0.236703
 0.894876
 0.378377
