87
-0.898778
-0.347801
 0.266894
-0.823343
-0.557229
 0.107711
-0.186537
-0.969920
 0.156395
-0.515034
-0.714826
 0.473036
 0.358522
-0.204202
 0.910914
 0.405771
 0.737452
 0.539921
-0.194273
 0.419022
 0.886949
-0.293514
 0.152884
 0.943651
 0.144728
-0.445496
 0.883508
-0.568604
-0.260373
 0.780318
 0.769920
 0.323612
-0.549999
-0.026972
-0.791930
 0.610016
 0.768022
 0.265751
 0.582683
 0.660783
 0.745782
 0.084704
-0.520057
 0.711210
 0.472992
 0.192964
 0.972594
 0.129710
-0.058443
 0.966876
 0.248468
-0.416850
-0.868746
 0.267425
 0.432804
 0.860502
 0.268733
-0.094620
 0.651373
 0.752835
-0.387268
 0.564483
 0.728960
 0.820795
-0.420679
 0.386425
-0.313866
-0.680810
 0.661805
 0.410420
-0.453498
 0.791136
 0.429817
-0.666882
 0.608708
-0.536905
 0.840500
-0.072749
 0.936853
-0.190223
 0.293464
-0.347302
-0.153871
 0.925043
 0.548825
-0.810788
-0.203506
-0.980706
 0.194983
-0.014060
-0.469791
 0.322934
 0.821590
 0.159811
 0.725714
 0.669178
 0.595427
-0.199314
 0.778293
 0.477031
 0.056901
 0.877043
 0.643610
-0.425587
 0.636114
-0.914806
-0.273094
-0.297573
-0.687034
 0.226155
 0.690534
 0.642688
-0.620480
 0.449395
-0.988173
-0.082450
 0.129288
 0.643188
 0.740173
-0.196094
-0.359853
-0.447339
 0.818775
-0.853103
 0.115528
 0.508791
 0.199012
 0.891203
 0.407617
 0.020320
-0.940321
 0.339681
-0.229818
-0.860445
 0.454773
-0.628428
 0.488005
 0.605747
 0.004090
 0.242722
 0.970087
 0.708822
 0.038513
 0.704335
-0.738259
-0.075060
 0.670328
-0.721929
 0.662383
-0.200168
-0.278935
 0.763554
 0.582392
 0.891332
 0.042732
 0.451333
-0.888297
 0.443908
-0.117793
-0.309158
 0.888429
 0.339286
 0.184780
-0.662784
 0.725654
-0.057785
 0.997718
-0.034925
 0.557146
 0.302244
 0.773458
-0.948655
-0.315876
-0.016631
 0.208672
 0.054664
 0.976457
 0.097213
 0.491091
 0.865667
-0.735848
-0.551019
 0.393580
 0.750524
-0.657862
-0.062706
-0.907749
-0.120526
 0.401827
-0.102160
-0.022438
 0.994515
 0.096634
-0.196442
 0.975742
 0.355762
 0.540765
 0.762238
 0.802876
-0.196134
 0.562957
-0.573218
-0.507713
 0.643155
-0.536895
 0.032327
 0.843029
-0.136738
-0.335177
 0.932180
-0.952797
 0.161996
 0.256779
-0.724849
 0.604762
 0.329935
 0.626052
 0.692334
 0.358794
-0.475385
 0.810520
-0.342148
 0.586309
 0.528188
 0.614215
 0.829376
 0.534442
 0.162808
-0.773472
-0.474692
-0.420009
-0.819824
 0.372882
 0.434566
 0.986765
 0.050761
 0.154008
 0.273362
-0.939062
 0.208413
-0.093804
-0.587363
 0.803869
 0.303638
 0.301499
 0.903826
-0.891447
 0.424093
 0.159586
 0.232042
-0.840398
 0.489783
-0.041231
 0.857455
 0.512904
-0.439863
-0.898065
 0.000108
 0.314889
-0.946448
-0.071289
