119
-0.236302
-0.397010
 0.886873
 0.663619
 0.619735
 0.418973
-0.683725
-0.354866
 0.637644
 0.683611
-0.579292
 0.443956
-0.046716
-0.978389
-0.201425
-0.860313
-0.508734
 0.032434
 0.907963
-0.190925
 0.373031
-0.156014
-0.741169
 0.652938
-0.214469
-0.856590
 0.469315
-0.996238
-0.014832
 0.085378
 0.803243
 0.436265
 0.405553
-0.243220
 0.867767
 0.433386
-0.579476
 0.561673
 0.590534
-0.356363
 0.608767
 0.708807
-0.296521
 0.944319
-0.142606
-0.560847
-0.555593
 0.613814
-0.579300
 0.220527
 0.784716
 0.384269
 0.230143
 0.894076
 0.138749
 0.227503
 0.963842
-0.848790
-0.274218
 0.452063
 0.145584
-0.182419
 0.972383
 0.810728
-0.540844
 0.224072
-0.403605
-0.729656
 0.552001
-0.875758
-0.407372
 0.259028
 0.020868
-0.883602
 0.467774
 0.465665
 0.769059
 0.437840
 0.076215
-0.752891
 0.653718
 0.268306
 0.783922
 0.559891
 0.446187
-0.849486
 0.281585
-0.513174
-0.857829
-0.027957
 0.256334
-0.382688
 0.887605
 0.313940
 0.618161
 0.720638
 0.481463
-0.380704
 0.789467
-0.753175
-0.616460
 0.229575
-0.911868
-0.375415
-0.166013
-0.736316
 0.676016
-0.028997
-0.950181
-0.149407
 0.273559
 0.391104
-0.179779
 0.902617
 0.528221
-0.569972
 0.629377
 0.777812
 0.238400
 0.581527
-0.758767
 0.491324
 0.427638
-0.094835
-0.994116
 0.052341
-0.609083
 0.778207
 0.153009
 0.889027
-0.388395
-0.242447
-0.572174
-0.206840
 0.793621
 0.675160
-0.387209
 0.627876
-0.857770
 0.264368
 0.440841
 0.417436
 0.874871
 0.245657
-0.464692
-0.405772
 0.787026
-0.582918
-0.791025
 0.185705
-0.455253
 0.010960
 0.890295
-0.000254
 0.424047
 0.905640
-0.892365
-0.005476
 0.451281
 0.467962
 0.429081
 0.772594
 0.336371
 0.590260
-0.733790
 0.264789
 0.958795
 0.102953
-0.954821
 0.128922
 0.267760
-0.597450
-0.690358
 0.407995
 0.981925
 0.151902
 0.112915
 0.050629
 0.781582
 0.621745
-0.190115
 0.953903
 0.232217
-0.955961
-0.283871
 0.074542
 0.952878
 0.022192
 0.302541
-0.923756
 0.337581
-0.180869
-0.126646
 0.606142
 0.785209
-0.360413
 0.226161
 0.904961
 0.508497
 0.612971
 0.604729
 0.119566
-0.579115
 0.806430
 0.346553
 0.930042
-0.122160
 0.245789
-0.881183
 0.403861
-0.695613
 0.358130
 0.622789
 0.661446
 0.435303
 0.610738
 0.773459
-0.600044
-0.204228
 0.216008
 0.904937
 0.366646
-0.876810
 0.480691
 0.011819
 0.623501
 0.749462
 0.222605
-0.438760
 0.847593
 0.298455
-0.008913
 0.902519
 0.430558
 0.293891
-0.750550
 0.591863
 0.855032
 0.025049
 0.517969
-0.410479
-0.848579
 0.333796
 0.333864
-0.576811
 0.745536
-0.353304
-0.200164
 0.913844
 0.127946
-0.991721
-0.010964
 0.784920
-0.187926
 0.590410
-0.964941
 0.254715
 0.063320
 0.079153
-0.967052
 0.241960
 0.228060
-0.016482
-0.973508
-0.742270
-0.498101
 0.448253
-0.478502
 0.422483
 0.769769
-0.158384
-0.949211
 0.271871
-0.541455
 0.838343
-0.063298
-0.778659
 0.132971
 0.613196
 0.609982
-0.183159
 0.770957
 0.705476
 0.026519
 0.708238
 0.647975
-0.718348
 0.253188
 0.273008
 0.024590
 0.961697
-0.792099
-0.576422
-0.200793
-0.181079
 0.762105
 0.621616
 0.508364
 0.026410
 0.860737
-0.377437
 0.922257
 0.083566
 0.900837
 0.236443
 0.364126
-0.651673
 0.004938
 0.758484
 0.817053
-0.391990
 0.422811
 0.986362
-0.114263
 0.118461
 0.713360
 0.700798
 0.000310
-0.116683
 0.227591
 0.966741
 0.019746
 0.021156
 0.999581
 0.620406
-0.686456
-0.379308
 0.428079
-0.738154
-0.521418
 0.099642
 0.615857
 0.781532
-0.109705
-0.190898
 0.975460
-0.106922
-0.576801
 0.809857
-0.774221
-0.133194
 0.618742
-0.250016
 0.425502
 0.869736
 0.242823
 0.427647
 0.870721
 0.013248
-0.385738
 0.922513
 0.490730
-0.734215
 0.469162
 0.603005
 0.235329
 0.762237
