117
-0.779124
 0.079168
 0.621850
-0.633129
 0.683542
 0.363206
 0.598839
-0.694510
 0.398807
 0.129440
-0.799176
 0.586994
 0.564760
-0.220557
 0.795236
-0.460851
-0.498849
 0.734007
-0.129343
 0.235834
 0.963147
-0.517758
-0.836603
-0.178949
 0.816471
 0.512401
 0.266121
-0.164689
 0.954632
 0.248105
 0.280992
-0.949048
 0.142660
-0.916948
 0.012598
 0.398807
-0.456785
 0.724586
 0.516064
-0.986896
 0.160352
-0.017983
-0.934836
-0.297690
-0.193552
 0.475363
-0.021876
 0.879518
-0.372435
-0.927593
 0.029370
-0.988831
-0.042466
 0.142865
-0.113215
-0.772233
 0.625171
 0.963110
 0.263728
-0.053537
-0.744250
 0.490187
 0.453661
 0.026379
 0.771176
 0.636076
-0.070324
 0.888048
 0.454340
-0.036343
-0.901974
 0.430258
 0.348437
-0.243062
 0.905269
 0.234567
 0.403753
 0.884286
-0.140554
-0.990044
 0.007617
-0.045461
-0.437350
 0.898141
-0.340426
 0.934947
 0.099919
 0.706539
 0.308703
 0.636792
 0.877750
 0.477712
 0.036704
 0.265758
 0.749383
 0.606464
-0.933626
-0.102049
-0.343407
 0.500423
-0.617992
 0.606352
 0.769506
 0.628777
-0.111803
 0.066565
 0.971253
 0.228553
-0.822694
-0.150654
 0.548159
 0.503176
-0.862836
 0.048244
 0.920571
-0.385582
-0.062258
-0.502046
 0.831439
 0.238032
 0.037224
-0.977315
 0.208494
-0.114421
-0.213569
 0.970204
-0.421175
-0.869846
 0.256865
 0.349878
 0.177580
 0.919810
-0.486229
-0.007131
 0.873802
 0.847366
 0.318229
 0.425088
 0.187818
-0.459030
 0.868341
-0.356457
-0.686478
 0.633787
 0.602332
 0.154463
 0.783159
-0.323094
 0.862264
 0.390014
-0.814154
 0.579374
-0.038468
-0.667390
-0.096003
 0.738495
 0.168420
 0.885566
 0.432907
-0.811172
-0.369832
 0.453017
 0.789604
-0.549266
 0.273555
 0.467473
 0.346328
 0.813342
 0.237211
-0.027118
 0.971080
 0.710349
 0.516942
 0.477677
 0.722697
 0.680766
 0.119446
-0.494967
-0.677922
-0.543535
-0.008060
 0.433431
 0.901151
-0.224276
 0.765208
 0.603454
-0.875390
 0.387034
 0.289650
 0.112524
 0.210497
 0.971097
-0.379496
 0.215353
 0.899781
 0.754483
-0.253941
 0.605203
-0.493062
 0.389625
 0.777871
 0.604800
-0.418578
 0.677502
 0.785219
-0.584827
-0.203488
-0.698909
 0.329659
 0.634705
 0.703888
-0.042805
 0.709020
 0.859235
-0.325875
 0.394361
-0.662175
 0.744467
 0.085401
-0.916204
 0.363657
-0.168298
 0.407136
-0.451032
 0.794236
-0.238707
 0.027849
 0.970692
 0.877760
 0.429288
-0.212717
-0.361407
 0.595045
 0.717848
-0.194948
-0.597299
 0.777964
 0.812729
 0.116070
 0.570964
 0.365001
-0.781703
 0.505682
-0.615568
-0.548634
 0.565753
-0.199246
-0.950308
 0.239198
 0.294812
 0.934474
 0.199609
 0.046109
-0.639699
 0.767241
 0.117373
-0.240956
 0.963412
-0.287350
-0.401665
 0.869538
 0.280100
-0.646615
 0.709530
 0.207854
-0.904564
 0.372236
-0.257359
 0.427422
 0.866647
 0.503271
 0.729836
-0.462664
-0.399928
-0.828086
-0.392851
 0.714885
-0.499669
 0.489152
-0.661457
 0.730597
-0.169422
 0.449506
-0.846000
 0.286754
 0.991928
 0.070585
 0.105340
-0.927774
-0.209952
 0.308472
-0.123117
 0.618279
 0.776256
 0.585469
 0.809588
-0.042348
-0.276905
-0.845832
 0.455951
 0.618928
 0.740468
-0.261983
 0.630238
 0.697250
 0.341531
 0.565539
 0.490942
 0.662677
 0.352980
 0.569605
 0.742264
-0.339867
-0.180050
 0.923078
 0.957696
-0.132154
 0.255642
-0.099359
 0.994841
 0.020468
 0.000000
-0.000000
 1.000000
-0.736624
-0.570130
 0.363780
-0.519413
-0.276580
 0.808526
 0.680829
 0.336406
-0.650617
 0.122050
 0.608393
 0.784195
-0.576344
 0.545659
 0.608345
 0.871594
-0.092148
 0.481491
-0.851818
 0.237844
 0.466730
-0.606522
 0.165860
 0.777574
-0.958412
 0.175780
 0.224830
