91
-0.069414
 0.511496
 0.856477
 0.119132
-0.636741
 0.761819
-0.758800
-0.584610
 0.287146
-0.930099
 0.151200
 0.334747
-0.675341
 0.296810
 0.675144
 0.439606
 0.857508
-0.267257
 0.166433
-0.975826
-0.141644
-0.167846
-0.205938
 0.964063
 0.532516
 0.798552
 0.280609
-0.316301
-0.405247
 0.857746
 0.348728
-0.872651
 0.341861
 0.528091
-0.720402
 0.449600
 0.262976
-0.045152
 0.963745
 0.811366
-0.088480
-0.577803
-0.175993
-0.920155
 0.349774
 0.486560
 0.086032
 0.869401
-0.175935
-0.643388
 0.745050
 0.920479
 0.176889
 0.348467
-0.434891
-0.583661
 0.685718
 0.281386
-0.954277
 0.100883
-0.003535
 0.929551
 0.368677
-0.687623
-0.598277
-0.411387
 0.673746
-0.516942
 0.528050
 0.449510
 0.729786
 0.515125
-0.421589
-0.118486
 0.899013
 0.092299
-0.923538
 0.372235
 0.910901
 0.109469
-0.397840
 0.957579
 0.275522
 0.084439
 0.061514
 0.697956
 0.713494
-0.492441
 0.191809
 0.848947
-0.487267
 0.481845
 0.728283
-0.294976
-0.911465
-0.286741
-0.566036
-0.698873
 0.437241
 0.787523
 0.346730
 0.509496
 0.826076
 0.365931
-0.428594
-0.041153
-0.458421
 0.887782
 0.903368
-0.393954
-0.169492
 0.436666
-0.213263
 0.873980
 0.575155
-0.372854
 0.728132
 0.444512
 0.358932
 0.820717
-0.301444
 0.884303
 0.356567
-0.984155
 0.162394
 0.071189
 0.854165
 0.453210
 0.254957
 0.944068
-0.295752
 0.145827
 0.658127
-0.084675
 0.748131
 0.780706
-0.250667
 0.572420
 0.118722
-0.266396
 0.956524
-0.036937
-0.809408
 0.586084
 0.845679
 0.533199
-0.022925
 0.918491
-0.127003
 0.374493
 0.714183
 0.686757
 0.135307
 0.109371
 0.986061
 0.125388
-0.683395
 0.728473
 0.047937
 0.288227
-0.443369
 0.848734
 0.762942
-0.589141
-0.266144
 0.193113
 0.828079
 0.526300
 0.423371
-0.599835
 0.678936
 0.446832
-0.888056
-0.108161
 0.466509
 0.883586
 0.040561
-0.318748
-0.783477
 0.533445
-0.643791
 0.561328
 0.520043
 0.541443
-0.826311
 0.155079
-0.563271
 0.763560
 0.315757
 0.666638
 0.218157
 0.712742
 0.247697
-0.778558
 0.576622
-0.840332
 0.415963
-0.347588
-0.037976
 0.263719
 0.963852
 0.585444
 0.496897
 0.640585
-0.261238
 0.085888
 0.961446
-0.556689
-0.312132
 0.769851
-0.756212
-0.193276
 0.625130
-0.423260
 0.723171
 0.545779
 0.822018
 0.046025
 0.567598
 0.332428
 0.616638
 0.713617
 0.986829
 0.091300
-0.133539
-0.294985
 0.364160
 0.883386
 0.988901
 0.004365
 0.148513
-0.015412
 0.992269
-0.123144
-0.258999
-0.961735
 0.089364
 0.815914
-0.365863
-0.447692
-0.636541
-0.008280
 0.771198
 0.186971
 0.461900
 0.867001
 0.844110
-0.533738
 0.051005
-0.644704
-0.754673
 0.121759
-0.258249
 0.633106
 0.729715
 0.232655
 0.213906
 0.948744
 0.000000
-0.000000
 1.000000
-0.133868
 0.812657
 0.567158
 0.717251
-0.647610
 0.257200
-0.654544
-0.484715
 0.580192
-0.920855
-0.342594
 0.186160
