246
-0.996801000000
0.000000000000
0.079922200000
0.992869000000
0.090802700000
0.077241400000
0.992869000000
-0.090802700000
0.077241400000
-0.979656000000
-0.184676000000
0.078547500000
-0.979656000000
0.184676000000
0.078547500000
0.975263000000
-0.000000000000
0.221047000000
-0.966274000000
-0.093954200000
0.239767000000
-0.966274000000
0.093954200000
0.239767000000
0.961659000000
0.263845000000
0.074813400000
0.961659000000
-0.263845000000
0.074813400000
0.960950000000
0.170695000000
0.217803000000
0.960950000000
-0.170695000000
0.217803000000
0.935659000000
0.080770400000
0.343537000000
0.935659000000
-0.080770400000
0.343537000000
-0.933862000000
-0.272408000000
0.231724000000
-0.933862000000
0.272408000000
0.231724000000
-0.933083000000
-0.351794000000
0.074813400000
-0.933083000000
0.351794000000
0.074813400000
-0.919651000000
0.000000000000
0.392738000000
0.915627000000
0.328527000000
0.231724000000
0.915627000000
-0.328527000000
0.231724000000
-0.904358000000
-0.181605000000
0.386207000000
-0.904358000000
0.181605000000
0.386207000000
0.901581000000
0.226771000000
0.368411000000
0.901581000000
-0.226771000000
0.368411000000
0.901108000000
0.426421000000
0.078547500000
0.901108000000
-0.426421000000
0.078547500000
0.894427000000
-0.000000000000
0.447214000000
-0.877757000000
-0.426737000000
0.217803000000
-0.877757000000
0.426737000000
0.217803000000
0.866952000000
0.130689000000
0.480952000000
0.866952000000
-0.130689000000
0.480952000000
-0.862687000000
-0.346475000000
0.368411000000
-0.862687000000
0.346475000000
0.368411000000
-0.856620000000
-0.510133000000
0.077241400000
-0.856620000000
0.510133000000
0.077241400000
-0.847355000000
-0.087948400000
0.523694000000
-0.847355000000
0.087948400000
0.523694000000
0.838386000000
0.384646000000
0.386207000000
0.838386000000
-0.384646000000
0.386207000000
0.836957000000
0.491951000000
0.239767000000
0.836957000000
-0.491951000000
0.239767000000
0.824489000000
-0.000000000000
0.565879000000
-0.822295000000
-0.256042000000
0.508206000000
-0.822295000000
0.256042000000
0.508206000000
0.815748000000
0.276190000000
0.508206000000
0.815748000000
-0.276190000000
0.508206000000
0.806429000000
0.585905000000
0.079922200000
0.806429000000
-0.585905000000
0.079922200000
-0.804440000000
-0.484622000000
0.343537000000
-0.804440000000
0.484622000000
0.343537000000
-0.789005000000
-0.573245000000
0.221047000000
-0.789005000000
0.573245000000
0.221047000000
0.782361000000
0.140152000000
0.606852000000
0.782361000000
-0.140152000000
0.606852000000
-0.778196000000
-0.403852000000
0.480952000000
-0.778196000000
0.403852000000
0.480952000000
-0.762555000000
0.000000000000
0.646923000000
-0.749875000000
-0.657055000000
0.077241400000
-0.749875000000
-0.181605000000
0.636165000000
-0.749875000000
0.181605000000
0.636165000000
-0.749875000000
0.657055000000
0.077241400000
0.744013000000
0.540557000000
0.392738000000
0.744013000000
-0.540557000000
0.392738000000
0.737219000000
0.426911000000
0.523694000000
0.737219000000
-0.426911000000
0.523694000000
0.726507000000
0.643972000000
0.239767000000
0.726507000000
-0.643972000000
0.239767000000
0.726009000000
-0.000000000000
0.687685000000
-0.723607000000
-0.525731000000
0.447214000000
-0.723607000000
0.525731000000
0.447214000000
-0.715322000000
-0.346475000000
0.606852000000
-0.715322000000
0.346475000000
0.606852000000
0.713407000000
0.293844000000
0.636165000000
0.713407000000
-0.293844000000
0.636165000000
-0.709489000000
-0.615311000000
0.343537000000
-0.709489000000
0.615311000000
0.343537000000
0.684008000000
0.725233000000
0.078547500000
0.684008000000
-0.725233000000
0.078547500000
-0.677093000000
-0.702927000000
0.217803000000
-0.677093000000
0.702927000000
0.217803000000
-0.667025000000
-0.484622000000
0.565879000000
-0.667025000000
0.484622000000
0.565879000000
0.665669000000
0.146922000000
0.731641000000
0.665669000000
-0.146922000000
0.731641000000
-0.646585000000
-0.093954200000
0.757034000000
-0.646585000000
0.093954200000
0.757034000000
0.633829000000
0.569214000000
0.523694000000
0.633829000000
-0.569214000000
0.523694000000
0.624896000000
0.678490000000
0.386207000000
-0.624896000000
-0.272408000000
0.731641000000
-0.624896000000
0.272408000000
0.731641000000
0.624896000000
-0.678490000000
0.386207000000
-0.624562000000
-0.615311000000
0.480952000000
-0.624562000000
0.615311000000
0.480952000000
-0.622914000000
-0.778705000000
0.074813400000
-0.622914000000
0.778705000000
0.074813400000
0.616920000000
0.448219000000
0.646923000000
0.616920000000
-0.448219000000
0.646923000000
0.598507000000
-0.000000000000
0.801117000000
-0.596102000000
-0.713397000000
0.368411000000
-0.596102000000
0.713397000000
0.368411000000
0.595392000000
0.769293000000
0.231724000000
0.595392000000
-0.769293000000
0.231724000000
-0.587353000000
-0.426737000000
0.687685000000
-0.587353000000
0.426737000000
0.687685000000
0.578323000000
0.304042000000
0.757034000000
0.578323000000
-0.304042000000
0.757034000000
-0.550564000000
-0.573245000000
0.606852000000
-0.550564000000
0.573245000000
0.606852000000
0.548101000000
0.833060000000
0.074813400000
0.548101000000
-0.833060000000
0.074813400000
-0.547655000000
-0.803977000000
0.231724000000
-0.547655000000
0.803977000000
0.231724000000
0.519830000000
0.149406000000
0.841103000000
0.519830000000
-0.149406000000
0.841103000000
-0.517268000000
0.000000000000
0.855824000000
0.514753000000
0.690475000000
0.508206000000
0.514753000000
-0.690475000000
0.508206000000
-0.508370000000
-0.184676000000
0.841103000000
-0.508370000000
0.184676000000
0.841103000000
0.499917000000
0.587688000000
0.636165000000
0.499917000000
-0.587688000000
0.636165000000
-0.497614000000
-0.702927000000
0.508206000000
-0.497614000000
0.702927000000
0.508206000000
0.494276000000
0.787378000000
0.368411000000
0.494276000000
-0.787378000000
0.368411000000
-0.484203000000
-0.351794000000
0.801117000000
-0.484203000000
0.351794000000
0.801117000000
-0.478368000000
-0.874640000000
0.078547500000
-0.478368000000
0.874640000000
0.078547500000
0.467873000000
0.456063000000
0.757034000000
0.467873000000
-0.456063000000
0.757034000000
0.459290000000
0.861170000000
0.217803000000
0.459290000000
-0.861170000000
0.217803000000
-0.452179000000
-0.803977000000
0.386207000000
-0.452179000000
-0.510133000000
0.731641000000
-0.452179000000
0.510133000000
0.731641000000
-0.452179000000
0.803977000000
0.386207000000
0.448881000000
-0.000000000000
0.893592000000
0.418478000000
0.304042000000
0.855824000000
0.418478000000
-0.304042000000
0.855824000000
-0.404441000000
-0.657055000000
0.636165000000
-0.404441000000
0.657055000000
0.636165000000
0.393172000000
0.916215000000
0.077241400000
0.393172000000
-0.916215000000
0.077241400000
0.392196000000
0.784135000000
0.480952000000
0.392196000000
-0.784135000000
0.480952000000
-0.387951000000
-0.889947000000
0.239767000000
-0.387951000000
0.889947000000
0.239767000000
0.375055000000
0.700760000000
0.606852000000
0.375055000000
-0.700760000000
0.606852000000
-0.374938000000
-0.090802700000
0.922592000000
-0.374938000000
0.090802700000
0.922592000000
0.365952000000
0.864906000000
0.343537000000
0.365952000000
-0.864906000000
0.343537000000
-0.363152000000
-0.263845000000
0.893592000000
-0.363152000000
0.263845000000
0.893592000000
0.356703000000
0.146922000000
0.922592000000
0.356703000000
-0.146922000000
0.922592000000
-0.345491000000
-0.778705000000
0.523694000000
-0.345491000000
0.778705000000
0.523694000000
0.345434000000
0.587688000000
0.731641000000
0.345434000000
-0.587688000000
0.731641000000
-0.332733000000
-0.426421000000
0.841103000000
-0.332733000000
0.426421000000
0.841103000000
-0.308028000000
-0.948014000000
0.079922200000
-0.308028000000
0.948014000000
0.079922200000
0.302730000000
0.448219000000
0.841103000000
0.302730000000
-0.448219000000
0.841103000000
0.301373000000
0.927530000000
0.221047000000
0.301373000000
-0.927530000000
0.221047000000
0.290404000000
-0.000000000000
0.956904000000
-0.289161000000
-0.585905000000
0.757034000000
-0.289161000000
0.585905000000
0.757034000000
-0.284188000000
-0.874640000000
0.392738000000
-0.284188000000
0.874640000000
0.392738000000
0.276393000000
0.850651000000
0.447214000000
0.276393000000
-0.850651000000
0.447214000000
0.254781000000
0.784135000000
0.565879000000
0.254781000000
-0.784135000000
0.565879000000
0.249958000000
0.293844000000
0.922592000000
0.249958000000
-0.293844000000
0.922592000000
-0.238441000000
0.000000000000
0.971157000000
-0.235643000000
-0.725233000000
0.646923000000
-0.235643000000
0.725233000000
0.646923000000
-0.234941000000
-0.170695000000
0.956904000000
-0.234941000000
0.170695000000
0.956904000000
0.224349000000
0.690475000000
0.687685000000
0.224349000000
-0.690475000000
0.687685000000
0.220455000000
0.972334000000
0.077241400000
0.220455000000
-0.972334000000
0.077241400000
0.212317000000
0.914824000000
0.343537000000
0.212317000000
-0.914824000000
0.343537000000
-0.209239000000
-0.948014000000
0.239767000000
-0.209239000000
0.948014000000
0.239767000000
-0.202221000000
-0.328527000000
0.922592000000
-0.202221000000
0.328527000000
0.922592000000
0.192903000000
0.140152000000
0.971157000000
0.192903000000
-0.140152000000
0.971157000000
0.184949000000
0.569214000000
0.801117000000
0.184949000000
-0.569214000000
0.801117000000
-0.178203000000
-0.833060000000
0.523694000000
-0.178203000000
0.833060000000
0.523694000000
-0.159844000000
-0.491951000000
0.855824000000
-0.159844000000
0.491951000000
0.855824000000
0.143610000000
0.864906000000
0.480952000000
0.143610000000
-0.864906000000
0.480952000000
0.138712000000
0.426911000000
0.893592000000
0.138712000000
-0.426911000000
0.893592000000
0.137415000000
-0.000000000000
0.990514000000
0.134609000000
0.966666000000
0.217803000000
0.134609000000
-0.966666000000
0.217803000000
-0.127093000000
-0.988776000000
0.078547500000
-0.127093000000
0.988776000000
0.078547500000
-0.111171000000
-0.080770400000
0.990514000000
-0.111171000000
0.080770400000
0.990514000000
-0.110450000000
-0.643972000000
0.757034000000
-0.110450000000
0.643972000000
0.757034000000
0.108470000000
0.787378000000
0.606852000000
0.108470000000
-0.787378000000
0.606852000000
-0.106745000000
-0.916215000000
0.386207000000
-0.106745000000
0.916215000000
0.386207000000
0.089739600000
0.276190000000
0.956904000000
0.089739600000
-0.276190000000
0.956904000000
-0.073682200000
-0.226771000000
0.971157000000
-0.073682200000
0.226771000000
0.971157000000
0.065972000000
0.678490000000
0.731641000000
0.065972000000
-0.678490000000
0.731641000000
0.062932200000
0.927530000000
0.368411000000
0.062932200000
-0.927530000000
0.368411000000
-0.059007200000
-0.769293000000
0.636165000000
-0.059007200000
0.769293000000
0.636165000000
0.046237200000
0.996125000000
0.074813400000
0.046237200000
-0.996125000000
0.074813400000
0.042463500000
0.130689000000
0.990514000000
0.042463500000
-0.130689000000
0.990514000000
-0.029503600000
-0.972334000000
0.231724000000
-0.029503600000
-0.384646000000
0.922592000000
-0.029503600000
0.384646000000
0.922592000000
-0.029503600000
0.972334000000
0.231724000000
0.018542600000
0.540557000000
0.841103000000
0.018542600000
-0.540557000000
0.841103000000
-0.010592300000
-0.861170000000
0.508206000000
-0.010592300000
0.861170000000
0.508206000000
-0.000000000000
-0.000000000000
1.000000000000
