65
 0.062708
-0.858600
 0.508797
 0.584679
-0.677329
-0.446514
 0.223552
-0.677808
 0.700429
-0.797685
-0.192161
-0.571640
-0.833387
 0.549920
-0.055262
-0.110259
-0.990666
-0.080144
-0.440792
-0.643039
 0.626261
-0.668866
 0.731483
 0.132480
-0.295096
 0.303587
 0.905954
-0.418542
-0.895656
-0.150407
 0.582057
 0.146941
 0.799761
 0.647646
 0.760598
-0.045227
-0.142844
 0.594825
 0.791062
 0.151006
-0.177234
 0.972515
-0.005207
 0.469083
-0.883138
 0.326648
-0.424895
 0.844254
 0.794224
-0.398328
 0.458850
 0.201001
 0.633134
 0.747489
-0.478759
 0.146635
-0.865614
-0.863722
-0.251902
 0.436497
-0.313970
 0.888937
-0.333487
-0.105369
 0.945447
 0.308265
 0.911225
-0.055942
 0.408093
-0.762107
-0.036203
 0.646438
-0.069980
 0.088294
 0.993633
-0.955156
 0.269870
 0.121848
 0.364629
 0.391243
 0.844970
-0.261306
-0.854740
 0.448484
 0.044670
 0.377010
 0.925131
 0.733289
-0.136689
 0.666036
 0.005037
 0.808941
 0.587869
-0.357268
-0.920554
 0.157927
-0.967919
-0.030735
 0.249375
 0.835161
 0.542783
 0.088843
-0.129061
-0.689712
 0.712489
 0.270791
 0.111467
 0.956163
-0.342540
-0.435450
 0.832496
-0.581814
-0.245630
 0.775344
-0.934059
-0.250560
-0.254468
 0.949492
 0.302087
-0.084904
 0.433742
 0.712721
 0.551268
 0.306000
-0.781460
-0.543769
 0.623541
 0.721745
 0.300468
 0.872864
-0.180568
-0.453324
-0.522232
 0.845263
-0.113160
-0.024672
-0.973867
 0.225775
 0.805004
 0.534289
-0.257882
 0.480688
-0.700513
 0.527467
 0.778134
 0.477959
 0.407508
-0.410622
-0.015340
 0.911677
-0.223380
 0.974566
-0.017964
-0.446061
 0.525145
 0.724743
 0.228546
 0.890852
 0.392619
 0.595995
 0.464027
 0.655338
 0.682614
 0.462275
-0.565986
-0.591730
 0.195033
 0.782188
 0.996991
 0.000177
 0.077517
 0.585962
-0.442002
 0.679178
-0.176851
-0.209334
 0.961719
-0.573411
-0.738938
 0.353794
-0.407794
 0.883175
 0.231746
-0.820888
 0.490498
 0.292497
 0.932807
-0.297778
 0.202977
-0.703978
 0.402970
 0.584833
 0.688012
-0.657035
 0.308131
