26
-0.170472
-0.438955
 0.882189
 0.554683
-0.770371
 0.314414
 0.345112
-0.727674
-0.592780
-0.416733
 0.254294
 0.872736
-0.763875
 0.349438
 0.542576
 0.747465
-0.374683
 0.548551
 0.284346
-0.587046
 0.757974
 0.636315
-0.740927
-0.214778
-0.000000
 0.000000
 1.000000
 0.432938
 0.379714
 0.817546
 0.006321
 0.520762
 0.853679
 0.451156
-0.136178
 0.881994
-0.150889
-0.863141
-0.481893
 0.599057
 0.676130
 0.428928
 0.226535
 0.973861
-0.016605
-0.946988
-0.026404
 0.320181
-0.625272
-0.775587
 0.086600
-0.765174
-0.460884
 0.449549
-0.363201
-0.745474
 0.558887
 0.895953
-0.443971
 0.012599
-0.592938
-0.176069
 0.785763
 0.079483
-0.899040
 0.430592
-0.903853
-0.419147
-0.085820
 0.978816
-0.037941
 0.201195
 0.791067
 0.176959
 0.585575
-0.233199
 0.968071
 0.091965
