69
 0.420628
-0.420531
 0.803881
-0.955900
-0.252851
 0.149406
 0.445538
 0.386313
 0.807625
-0.062686
-0.284350
 0.956669
 0.797773
-0.154844
 0.582736
 0.410010
 0.647265
 0.642605
-0.125944
 0.909929
 0.395181
-0.940963
 0.014955
 0.338179
 0.838786
 0.435577
 0.326668
 0.072243
 0.016055
 0.997258
 0.756281
-0.642462
 0.123619
-0.962368
-0.205928
-0.177315
-0.820002
 0.543571
 0.179242
 0.181352
 0.953236
 0.241772
 0.823745
-0.424932
 0.375336
-0.624278
 0.763645
 0.164690
 0.607192
-0.684901
 0.402776
-0.420986
 0.794663
 0.437357
 0.685692
 0.391997
 0.613322
-0.662210
 0.592995
 0.458078
 0.153836
 0.825716
 0.542704
-0.640720
-0.751820
 0.155708
-0.780969
 0.044197
 0.623005
-0.924932
 0.365390
-0.104839
 0.256451
-0.209806
 0.943512
-0.999426
 0.033783
-0.002508
 0.140922
 0.609548
 0.780123
 0.427064
 0.831815
 0.354540
-0.640135
-0.230680
 0.732813
-0.642727
 0.336852
 0.688064
 0.427344
 0.903572
 0.030584
 0.569900
-0.156051
 0.806760
-0.538308
-0.715705
 0.444961
-0.687274
-0.473515
 0.550852
 0.138662
 0.985251
-0.100271
-0.830188
 0.321164
 0.455676
-0.440392
-0.549435
 0.710054
 0.312408
-0.852421
 0.419260
-0.852919
-0.238280
 0.464492
-0.432723
 0.587829
 0.683527
-0.349580
-0.890891
 0.290012
-0.373471
 0.916881
 0.140885
-0.265879
-0.027223
 0.963622
-0.120879
 0.243468
 0.962347
-0.084791
 0.990814
 0.105346
 0.863643
 0.143914
 0.483124
 0.652587
-0.442915
 0.614781
-0.021002
-0.920479
 0.390228
-0.241028
-0.779617
 0.578016
-0.809956
-0.519053
 0.273046
 0.661961
 0.120415
 0.739802
 0.383598
-0.667796
 0.637887
-0.373924
-0.298775
 0.878017
 0.136056
-0.518754
 0.844028
 0.209411
-0.963582
 0.166303
-0.150185
 0.748629
 0.645754
 0.169462
 0.336732
 0.926226
-0.945715
 0.271061
 0.179300
 0.073097
-0.760690
 0.644986
 0.944898
-0.112964
 0.307257
 0.675529
 0.722847
 0.145442
-0.543015
 0.037762
 0.838874
 0.637760
 0.634245
 0.437031
 0.385752
 0.090555
 0.918148
 0.511837
-0.846823
 0.144616
 0.862678
 0.505056
 0.026565
-0.157444
-0.564627
 0.810190
-0.148503
 0.520199
 0.841035
-0.399512
 0.310350
 0.862597
