88
-0.329296
-0.363572
 0.871424
-0.077793
-0.269098
 0.959966
 0.670002
-0.492828
 0.555175
-0.295075
 0.631780
 0.716788
-0.724696
-0.248340
 0.642762
-0.467008
 0.124074
 0.875505
 0.902010
-0.005019
 0.431686
 0.986002
 0.071614
 0.150569
 0.657418
-0.660719
 0.362287
 0.580107
 0.814255
-0.021554
-0.635473
 0.319916
 0.702729
 0.723972
-0.075027
 0.685737
-0.979271
-0.166320
 0.115611
-0.127633
 0.434756
 0.891458
 0.150167
-0.426797
 0.891792
 0.427047
-0.825211
 0.369672
-0.128019
 0.937782
 0.322763
-0.300393
-0.794609
 0.527598
-0.397529
 0.391040
 0.830095
 0.410590
 0.581915
 0.701990
-0.548565
-0.656361
 0.517944
-0.876724
-0.442778
 0.187891
 0.615202
-0.310420
 0.724684
 0.604168
 0.620305
 0.500202
-0.893609
-0.248124
 0.374028
-0.286579
-0.084961
 0.954282
 0.462631
-0.150078
 0.873756
-0.528001
-0.168886
 0.832282
-0.950934
 0.201745
-0.234572
 0.587457
-0.796364
 0.143870
 0.384718
-0.921877
 0.046216
-0.333501
-0.941783
 0.042682
-0.953296
 0.047088
 0.298345
 0.203098
-0.945327
 0.255163
-0.709117
-0.654520
 0.262216
 0.592202
 0.374149
 0.713659
 0.043980
 0.990196
-0.132584
-0.497801
-0.817822
 0.288725
 0.293700
 0.075933
 0.952877
-0.824992
 0.231338
 0.515627
 0.402503
-0.445289
 0.799818
 0.176748
 0.505533
 0.844510
-0.093778
-0.536422
 0.838724
-0.681288
 0.045865
 0.730577
-0.151955
 0.986711
 0.057535
-0.330798
-0.609067
 0.720840
 0.402881
 0.788313
 0.465027
-0.031608
 0.649842
 0.759411
 0.617063
-0.776933
-0.124934
-0.592324
 0.707920
 0.384710
 0.990884
-0.128131
-0.041621
-0.746043
 0.481996
 0.459455
 0.194605
 0.743889
 0.639342
-0.920656
 0.390093
-0.014820
 0.387173
 0.896223
 0.216523
 0.826454
-0.261841
 0.498411
-0.780443
-0.625180
-0.007700
-0.536750
 0.568618
 0.623357
-0.058240
-0.747410
 0.661805
-0.796388
 0.570836
 0.199781
-0.928228
-0.364408
-0.074828
 0.802511
 0.536286
 0.261482
 0.192279
-0.644753
 0.739813
 0.249746
 0.921777
-0.296569
 0.210652
-0.184575
 0.959978
-0.845726
-0.035438
 0.532439
 0.762430
 0.412222
 0.498772
-0.389129
 0.890186
 0.236953
-0.353901
 0.793177
 0.495606
-0.552049
-0.443524
 0.706065
 0.147579
 0.902122
 0.405459
 0.017561
 0.902574
-0.430176
-0.748708
-0.468285
 0.469198
 0.773121
 0.169875
 0.611086
 0.085001
 0.264197
 0.960716
 0.000000
 0.000000
 1.000000
 0.907542
 0.255726
 0.333124
 0.372352
 0.323526
 0.869876
 0.451987
-0.653257
 0.607423
-0.910113
 0.322731
 0.259883
 0.215362
-0.816866
 0.535116
 0.118498
 0.982243
 0.145451
 0.620014
 0.745310
 0.245144
 0.840770
-0.453077
 0.296356
-0.086326
 0.823203
 0.561146
 0.559386
 0.108322
 0.821799
-0.207360
 0.185217
 0.960571
-0.782936
 0.617340
-0.076822
