96
 0.629447
-0.366066
 0.685414
 0.181079
-0.983468
-0.001226
-0.117583
 0.547931
 0.828219
-0.562286
-0.668479
 0.486795
-0.209346
-0.566021
 0.797367
-0.854242
 0.518757
 0.034096
-0.288161
 0.143813
 0.946721
 0.661689
 0.162289
 0.732004
 0.196943
 0.908374
 0.368877
-0.381142
 0.605037
 0.699043
 0.019746
-0.155880
 0.987579
 0.557727
 0.647053
 0.519868
 0.540259
-0.793022
-0.281488
 0.674368
-0.736353
-0.054875
 0.801320
 0.262022
 0.537802
-0.590876
-0.280892
 0.756284
 0.256246
-0.693922
 0.672911
 0.441517
-0.896409
-0.038914
-0.757433
-0.574644
 0.309968
 0.140553
-0.861444
 0.488015
-0.746543
-0.663990
 0.042331
 0.841313
 0.008512
 0.540482
 0.124890
 0.637267
 0.760456
 0.458661
 0.824301
 0.331901
 0.998558
-0.014257
 0.051751
 0.513196
-0.597983
 0.615667
 0.847910
 0.511944
 0.137699
-0.069362
 0.329003
 0.941778
-0.483067
-0.066207
 0.873076
 0.679473
-0.106109
 0.725987
-0.782988
-0.212414
 0.584645
-0.366629
 0.792476
 0.487406
 0.208673
-0.328990
 0.920989
-0.875516
 0.192221
 0.443309
-0.969638
-0.154944
 0.189195
 0.185865
 0.948815
-0.255352
 0.330663
 0.751878
 0.570387
 0.879644
-0.408953
 0.242867
 0.481736
 0.046238
 0.875096
 0.745870
-0.478465
 0.463410
-0.338943
 0.389847
 0.856234
-0.304394
-0.942590
-0.137364
-0.896144
 0.370177
 0.244734
 0.948312
 0.078845
 0.307389
-0.898702
-0.050447
 0.435649
 0.079987
 0.810999
 0.579554
-0.573976
 0.428931
 0.697545
-0.313751
-0.721788
 0.616913
 0.092174
-0.546872
 0.832127
 0.468321
-0.226788
 0.853957
-0.893520
-0.433058
 0.118671
-0.745729
 0.605732
 0.277447
 0.393224
 0.913082
-0.107966
-0.006070
 0.976957
 0.213348
 0.612971
-0.684624
 0.394407
-0.757414
 0.626704
-0.183211
-0.357943
-0.335384
 0.871432
 0.551862
-0.814235
 0.180192
 0.377161
-0.476556
 0.794131
-0.695816
-0.456694
 0.554320
-0.022205
-0.727716
 0.685519
 0.943034
-0.169671
 0.286179
 0.115378
-0.893837
-0.433293
 0.070363
-0.964544
 0.254370
-0.527665
 0.190746
 0.827760
 0.175630
 0.424980
 0.888001
 0.966975
 0.248151
 0.058145
-0.559700
-0.825739
-0.069937
 0.613339
 0.424052
 0.666330
 0.388730
-0.801564
 0.454295
-0.389044
-0.836741
 0.385369
-0.097136
-0.995091
 0.018949
-0.594066
-0.772910
 0.222926
-0.973401
 0.109456
 0.201272
 0.750628
 0.503939
 0.427322
 0.437614
 0.309834
 0.844095
-0.093563
-0.374373
 0.922546
-0.702212
-0.014613
 0.711818
 0.319799
-0.919743
 0.227602
 0.680249
 0.687740
 0.253525
 0.265572
-0.067452
 0.961729
-0.960869
 0.276426
-0.017891
 0.897169
 0.323099
 0.301157
-0.731014
 0.218574
 0.646409
-0.870639
-0.331912
 0.363074
-0.021189
 0.090236
 0.995695
 0.223935
 0.185758
 0.956738
 0.384966
 0.551065
 0.740357
-0.582666
 0.635470
 0.506634
 0.822288
-0.242989
 0.514586
-0.158738
 0.735885
 0.658236
-0.293053
 0.923484
 0.247582
-0.239788
-0.115533
 0.963926
-0.122016
-0.863621
 0.489153
-0.473880
-0.522932
 0.708505
-0.758522
 0.437549
 0.482903
