133
-0.013833
-0.801492
 0.597846
-0.438776
-0.613095
 0.656955
 0.245728
-0.349300
 0.904216
-0.930602
-0.365851
-0.011508
-0.619187
-0.418317
 0.664544
-0.869659
-0.455680
 0.189865
-0.616318
-0.590665
 0.520833
-0.446550
 0.313484
 0.838046
-0.374945
-0.107657
 0.920775
 0.197254
-0.087492
 0.976440
-0.243913
-0.546616
 0.801073
 0.203163
 0.857873
-0.471994
-0.947713
-0.063155
 0.312812
-0.492359
-0.865761
-0.089671
 0.299073
 0.669573
 0.679873
-0.889164
-0.298553
 0.346776
 0.189636
 0.148141
 0.970614
-0.761752
-0.534701
 0.365826
 0.562364
 0.774975
 0.288376
 0.158621
 0.927309
 0.339024
 0.667628
 0.743278
 0.042543
 0.171620
 0.368581
 0.913616
-0.089979
-0.416354
 0.904739
 0.856160
-0.459066
 0.237168
 0.248305
-0.918386
 0.308079
 0.322308
-0.536251
 0.780098
-0.459248
 0.840302
 0.288068
-0.416750
-0.760517
 0.497929
 0.718804
-0.011490
 0.695118
-0.149502
-0.168031
 0.974379
 0.417631
-0.808389
 0.414839
-0.169001
-0.946554
 0.274725
 0.634752
 0.621720
 0.458862
 0.286683
-0.942327
-0.172723
 0.390663
 0.050938
 0.919124
 0.469788
-0.352882
 0.809181
 0.447638
 0.738902
 0.503631
-0.988870
 0.058120
-0.136958
 0.851728
 0.042846
 0.522229
-0.002135
 0.875346
 0.483492
 0.381923
-0.176907
 0.907105
 0.372733
 0.869354
 0.324492
 0.855616
 0.484017
 0.183436
-0.293349
-0.947929
-0.124001
 0.952217
-0.167786
-0.255208
 0.760424
-0.632265
 0.148312
-0.858865
 0.326496
 0.394654
-0.758358
 0.022810
 0.651439
 0.413076
-0.760554
-0.500926
-0.233587
-0.723550
 0.649548
 0.638153
-0.751173
-0.168820
 0.896484
-0.442546
 0.021669
 0.786522
-0.613090
-0.074185
 0.547474
 0.362573
 0.754197
-0.777650
 0.559309
 0.287115
-0.771703
-0.369366
 0.517730
-0.590081
-0.032880
 0.806674
 0.609566
-0.737028
 0.291923
 0.064987
-0.979604
 0.190136
 0.053408
-0.258382
 0.964565
 0.921095
 0.291621
 0.257957
-0.526510
-0.241613
 0.815114
 0.945120
-0.265137
 0.190919
 0.569958
 0.142061
 0.809300
 0.457165
-0.868429
 0.191914
 0.234641
 0.819843
 0.522303
 0.945192
 0.084459
 0.315403
 0.164339
-0.691043
 0.703883
 0.686373
 0.427463
 0.588360
-0.707806
-0.201726
 0.676991
 0.130103
 0.572870
 0.809255
 0.701558
-0.429008
 0.569007
 0.616827
-0.689354
-0.379889
-0.252216
 0.482743
 0.838657
-0.348836
-0.932168
 0.096834
 0.842851
-0.337369
 0.419267
-0.628292
 0.390771
 0.672716
 0.071062
 0.744921
 0.663357
 0.000000
 0.000000
 1.000000
-0.215141
 0.059901
 0.974744
-0.555319
 0.603604
 0.572087
-0.849480
-0.138985
 0.508986
-0.466549
 0.882784
 0.054994
-0.254125
 0.877694
 0.406294
-0.585013
-0.731620
 0.349989
-0.094278
 0.633374
 0.768081
 0.919409
-0.128348
 0.371772
-0.964166
-0.218863
 0.149946
-0.042317
 0.439112
 0.897435
-0.289233
 0.953879
-0.080363
 0.373070
-0.694380
 0.615350
-0.427609
 0.106403
 0.897680
-0.387549
-0.869131
 0.307274
 0.566585
-0.651638
 0.504331
 0.104179
-0.508489
 0.854743
 0.730449
-0.562191
 0.387795
 0.077065
 0.986498
 0.144512
 0.724810
 0.646143
 0.239060
-0.110219
 0.993321
 0.034130
 0.799693
-0.183204
 0.571776
 0.528246
-0.515267
 0.674874
 0.791119
 0.466065
 0.396124
-0.436720
-0.438399
 0.785546
-0.995695
 0.005229
 0.092547
 0.506834
 0.566848
 0.649464
 0.562470
-0.093330
 0.821533
-0.881501
 0.092396
 0.463053
-0.162386
 0.786560
 0.595780
-0.293284
-0.319208
 0.901161
 0.649232
-0.267907
 0.711845
 0.206709
-0.829645
 0.518614
 0.024075
-0.914801
 0.403186
-0.722970
-0.214547
-0.656722
-0.771644
 0.246611
 0.586301
-0.728270
 0.481224
 0.487900
 0.626820
-0.777199
 0.055296
 0.128009
 0.989513
-0.066915
-0.984425
-0.156364
-0.080356
-0.449416
 0.504878
 0.736969
 0.898230
-0.396061
-0.190576
 0.348232
 0.484047
 0.802766
 0.842650
 0.260598
 0.471200
-0.813341
-0.581726
 0.008434
 0.972861
-0.228593
-0.035868
 0.548861
 0.824187
-0.139524
-0.024370
 0.226494
 0.973708
-0.621869
 0.182041
 0.761669
-0.314173
 0.662752
 0.679747
 0.379345
 0.272966
 0.884074
-0.048736
-0.641802
 0.765320
-0.088973
 0.954041
 0.286164
-0.239616
 0.277898
 0.930245
-0.720241
-0.667980
 0.187231
