84
 0.613955
 0.551610
 0.564611
 0.400037
-0.482886
 0.778968
 0.795429
 0.362609
 0.485600
 0.356110
 0.509661
 0.783219
 0.849259
-0.067099
 0.523695
-0.193281
 0.382603
 0.903470
 0.388740
 0.707336
 0.590387
 0.195736
-0.265895
 0.943921
-0.175161
-0.982924
 0.056383
-0.303006
-0.491343
 0.816559
-0.303347
-0.198985
 0.931872
-0.008103
-0.845547
 0.533839
-0.082521
-0.656918
 0.749433
 0.571015
 0.339044
 0.747657
-0.507438
-0.027865
 0.861238
-0.930379
 0.248278
 0.269729
-0.534379
-0.313294
 0.785039
 0.280901
-0.853405
 0.439084
-0.284471
-0.753881
 0.592233
-0.622090
 0.419815
 0.660877
-0.953009
 0.141572
-0.267826
-0.479438
 0.817522
 0.319056
-0.562773
 0.826451
-0.016315
 0.821420
 0.569888
 0.022304
-0.498250
-0.576604
 0.647514
 0.455899
-0.217649
 0.863009
-0.094058
 0.995490
 0.012373
 0.027690
 0.197328
 0.979946
-0.388874
 0.545503
 0.742430
-0.310980
 0.767051
 0.561181
-0.343164
 0.932693
 0.111006
 0.435950
 0.893086
-0.111104
-0.188251
 0.922537
 0.336878
-0.464880
-0.797787
 0.383957
-0.451909
 0.269645
 0.850335
-0.572273
 0.644426
 0.507167
 0.486460
-0.667186
 0.564109
-0.810706
 0.274763
 0.516973
 0.834547
 0.487838
-0.256018
-0.027521
 0.840888
 0.540509
 0.920267
 0.145025
 0.363423
 0.052641
-0.960575
 0.272991
 0.618515
 0.779284
 0.100776
 0.739083
 0.145011
 0.657821
-0.130100
 0.638829
 0.758269
-0.979155
 0.203093
 0.002989
 0.135277
-0.518400
 0.844371
 0.312407
 0.267807
 0.911417
-0.252488
 0.096283
 0.962798
 0.216435
-0.713272
 0.666632
-0.732643
-0.131113
 0.667865
 0.541392
-0.784310
 0.302906
-0.082294
-0.366165
 0.926904
 0.880912
-0.012496
-0.473116
-0.666918
-0.725789
 0.168676
-0.908642
-0.367934
-0.197470
 0.889203
-0.415178
 0.192212
 0.821220
-0.333963
 0.462674
-0.712500
 0.580600
-0.394015
-0.753029
 0.648178
-0.113194
-0.875301
 0.474588
 0.092814
-0.890785
-0.245514
 0.382393
-0.680843
 0.135690
 0.719751
 0.992484
 0.084286
 0.088719
-0.662658
-0.612363
 0.431156
-0.030905
-0.083347
 0.996041
-0.217508
-0.916002
 0.337092
 0.071854
 0.969293
 0.235176
 0.522795
 0.067969
 0.849744
 0.632976
-0.423009
 0.648387
 0.136832
 0.693516
 0.707328
 0.949555
 0.302214
-0.083736
 0.233369
 0.870714
 0.432893
 0.979811
 0.030816
-0.197539
-0.727905
-0.384050
 0.568032
 0.746816
 0.591882
 0.303219
-0.696913
 0.692042
 0.188122
 0.081897
 0.462159
 0.883007
 0.523709
 0.772686
 0.358728
 0.677550
-0.152559
 0.719480
-0.778939
 0.505631
 0.370934
 0.356762
 0.918924
 0.168224
 0.257723
 0.003361
 0.966213
 0.324600
-0.929644
 0.174345
