104
 0.430465
 0.723375
 0.539840
-0.061692
-0.885862
 0.459829
 0.655255
-0.701076
 0.281307
-0.028043
 0.722434
 0.690871
 0.392440
 0.553661
 0.734473
-0.665191
-0.734729
 0.133023
-0.902448
-0.149218
 0.404131
 0.570577
 0.363340
 0.736495
 0.019347
-0.973906
 0.226127
-0.924884
-0.314105
 0.214306
-0.236831
-0.938990
 0.249416
-0.500865
-0.808534
 0.308881
-0.720798
 0.502844
 0.477072
-0.640321
-0.141941
 0.754878
 0.758614
 0.377968
 0.530702
-0.267767
 0.664985
 0.697205
 0.533328
-0.672458
 0.513187
 0.870474
-0.291182
 0.396848
-0.368105
-0.552447
 0.747865
 0.085602
 0.329483
 0.940273
-0.980179
-0.019286
 0.197172
-0.223324
-0.395212
 0.891029
-0.352808
-0.194518
 0.915253
-0.811215
 0.001605
 0.584746
 0.523267
-0.291339
 0.800821
 0.775340
 0.624075
 0.096841
-0.914821
 0.134882
 0.380671
 0.259102
 0.117704
 0.958651
 0.057956
-0.758889
 0.648636
-0.524199
 0.577202
 0.626142
-0.808066
-0.425317
 0.407596
 0.153195
 0.550954
 0.820354
 0.164892
-0.574496
 0.801726
-0.204298
-0.728764
 0.653579
 0.907203
 0.417834
 0.048959
-0.429140
-0.899276
 0.084502
 0.592236
 0.800235
 0.094240
-0.084245
-0.581895
 0.808889
-0.355496
 0.464597
 0.811032
-0.761601
-0.265779
 0.591038
 0.290269
-0.342719
 0.893469
-0.344447
 0.937124
 0.056172
-0.150976
 0.951524
 0.267972
 0.743607
-0.506885
 0.436024
 0.158909
-0.130816
 0.978588
-0.244578
 0.052071
 0.968230
-0.600458
 0.366304
 0.710824
 0.337011
 0.347518
 0.875017
-0.821817
-0.545414
 0.164745
-0.392794
 0.873092
 0.288832
-0.097827
-0.162963
 0.981770
 0.425958
-0.831759
 0.356000
 0.835847
-0.509012
 0.205590
 0.356565
 0.921117
 0.156223
-0.091945
 0.995532
 0.021517
 0.006970
 0.087643
 0.996128
 0.040299
-0.372569
 0.927129
 0.716531
 0.159897
 0.678982
-0.788536
 0.271713
 0.551709
 0.606729
 0.561023
 0.563146
-0.887246
 0.459326
 0.042602
-0.481376
-0.675535
 0.558506
 0.504496
 0.141300
 0.851773
-0.607869
 0.703741
 0.367755
-0.660364
 0.128522
 0.739866
-0.871633
 0.381604
 0.307627
 0.532662
 0.781669
 0.324445
-0.096269
 0.518284
 0.849773
 0.955999
 0.184857
 0.227802
 0.640710
-0.066781
 0.764873
 0.406255
-0.092278
 0.909088
 0.827887
-0.052452
 0.558437
 0.946598
-0.285425
 0.149951
-0.507308
-0.349150
 0.787866
 0.860095
 0.414640
 0.297170
 0.713832
 0.612377
 0.339762
-0.182850
 0.845981
 0.500882
 0.097153
 0.969107
 0.226700
-0.483622
 0.003622
 0.875270
 0.396554
-0.537494
 0.744207
-0.521030
 0.845843
-0.114358
 0.286445
 0.874041
 0.392429
 0.738229
-0.268459
 0.618828
-0.583948
 0.801542
 0.128592
-0.309527
-0.831806
 0.460751
-0.872359
-0.171337
-0.457857
 0.606279
-0.471538
 0.640373
 0.944300
-0.060980
 0.323387
 0.207535
 0.740539
 0.639165
 0.996016
-0.053020
 0.071697
-0.426311
 0.241447
 0.871758
 0.052513
 0.880455
 0.471213
-0.628012
-0.480927
 0.611809
-0.172776
 0.294284
 0.939971
 0.270368
-0.945056
 0.183765
 0.769411
-0.602506
-0.212115
-0.410876
 0.757936
 0.506669
-0.734123
 0.678053
-0.036163
-0.982540
-0.185570
 0.013380
 0.186531
-0.883903
 0.428861
-0.673324
-0.631863
 0.383906
 0.305611
-0.735957
 0.604127
-0.965955
 0.228545
 0.121236
 0.166078
 0.985983
-0.015971
