127
-0.215903
-0.611411
 0.761290
-0.713941
 0.472645
 0.516618
-0.209880
-0.939078
-0.272182
 0.179240
-0.770564
 0.611640
-0.551908
 0.499856
 0.667489
-0.018775
 0.553810
 0.832431
-0.842142
-0.417740
 0.341014
-0.510498
-0.859651
 0.019828
-0.172029
 0.071741
 0.982476
-0.811534
 0.253677
 0.526365
 0.177020
 0.017140
 0.984058
-0.865946
 0.026610
 0.499429
-0.353892
-0.915534
 0.191203
 0.720778
-0.086452
-0.687754
-0.014822
-0.092611
 0.995592
 0.925587
-0.347473
-0.150172
 0.440068
 0.547061
 0.712085
-0.400144
-0.467179
 0.788434
-0.386416
-0.009741
 0.922273
 0.748688
 0.271401
 0.604820
 0.214190
 0.572017
 0.791782
 0.883546
 0.407172
 0.231424
 0.939607
-0.211319
 0.269227
 0.992697
-0.036792
 0.114889
-0.100126
 0.844152
 0.526670
 0.924298
-0.188864
-0.331667
-0.326549
 0.781108
 0.532200
-0.653165
 0.299446
 0.695491
 0.027962
 0.183822
 0.982562
 0.934910
 0.354651
 0.012924
-0.186472
-0.798532
 0.572341
 0.412144
-0.898614
-0.150433
 0.062964
 0.730213
 0.680312
 0.417317
-0.265985
 0.868964
-0.260124
 0.900916
 0.347399
 0.719973
 0.635941
-0.277882
 0.732438
 0.598945
 0.323729
 0.128067
 0.388895
 0.912337
 0.100207
-0.992588
 0.068756
 0.495914
 0.679225
 0.541038
 0.209595
-0.416266
 0.884756
-0.114059
 0.345112
 0.931605
-0.442235
 0.373703
 0.815337
 0.568544
 0.743165
 0.352794
 0.991400
 0.120355
-0.051383
-0.939334
-0.273147
 0.207464
 0.701287
-0.568957
 0.429516
 0.390817
-0.026796
 0.920078
-0.694992
 0.632011
 0.342853
 0.812239
 0.575343
 0.096168
 0.014006
-0.959342
 0.281898
 0.960125
-0.272062
 0.064361
 0.858907
-0.181675
 0.478825
-0.809883
 0.565578
 0.155601
-0.584096
-0.079152
 0.807816
 0.498187
 0.168374
 0.850565
 0.392063
-0.668090
 0.632410
-0.296804
-0.953752
-0.047580
-0.158383
 0.694466
 0.701877
-0.220628
-0.176807
 0.959199
-0.314263
 0.229785
 0.921107
-0.625553
 0.761519
 0.169623
-0.752856
-0.129939
 0.645232
-0.247493
 0.493020
 0.834073
 0.283669
 0.726094
 0.626354
 0.986893
-0.114278
-0.113943
-0.525926
 0.721226
-0.450816
-0.210954
-0.401192
 0.891371
-0.418722
-0.246766
 0.873944
 0.599494
-0.325089
 0.731386
-0.543664
 0.838438
-0.038096
-0.557912
-0.520126
 0.646686
 0.596040
 0.306538
-0.742140
-0.440304
-0.873804
-0.206394
 0.878997
-0.473807
 0.053595
-0.143106
-0.982790
 0.116807
 0.444132
-0.858920
 0.254956
 0.351179
 0.834806
 0.423995
-0.377405
-0.824484
 0.421653
 0.648078
 0.748078
 0.142741
 0.734075
-0.143406
 0.663753
-0.631892
 0.736491
-0.241442
 0.280773
 0.207251
 0.937130
-0.370212
 0.620369
 0.691438
-0.549343
-0.799106
 0.244235
 0.316429
-0.832121
 0.455463
 0.581325
 0.351130
 0.734009
-0.009530
-0.529623
 0.848180
-0.747501
-0.339103
 0.571184
-0.531181
 0.150348
 0.833812
 0.728267
-0.684975
 0.020891
 0.840213
-0.419538
-0.343556
 0.748843
-0.370093
 0.549786
-0.541681
 0.667494
 0.510915
 0.032745
-0.872632
 0.487280
 0.675836
 0.096309
 0.730733
-0.020797
-0.715264
 0.698545
-0.877375
-0.199206
 0.436498
-0.641772
-0.515468
-0.567822
 0.199802
-0.607789
 0.768552
-0.327388
 0.942880
-0.061590
-0.787595
 0.576112
-0.218606
 0.184513
-0.972305
-0.143446
-0.184879
-0.913081
 0.363461
 0.965312
 0.189011
 0.180130
 0.411214
-0.478924
 0.775587
 0.855245
-0.399010
 0.330675
-0.025397
 0.945559
 0.324459
 0.573466
-0.092225
 0.814021
 0.551453
 0.695768
-0.460224
 0.128355
 0.862368
 0.489741
 0.225926
-0.932340
 0.282311
-0.057543
-0.992650
-0.106461
 0.368198
 0.386577
 0.845570
-0.382823
-0.679179
 0.626229
 0.849803
 0.511969
-0.125389
 0.701522
 0.530706
-0.475624
-0.700616
-0.710102
 0.069947
-0.938265
-0.008419
-0.345816
 0.828982
 0.047301
 0.557271
 0.792041
 0.422728
 0.440423
 0.887897
 0.221368
 0.403280
 0.211535
-0.204171
 0.955807
-0.957935
-0.043490
 0.283670
-0.483043
 0.804663
 0.345235
-0.002843
-0.317772
 0.948163
 0.579728
-0.531037
 0.617993
