50
 0.292398
 0.632726
 0.717050
-0.843833
 0.220921
-0.489019
 0.785259
 0.598608
-0.158229
-0.246495
 0.274622
-0.929421
-0.000000
 0.000000
-1.000000
 0.686000
 0.466526
 0.558353
 0.126829
 0.336422
 0.933132
 0.535711
-0.811680
 0.232785
-0.360725
-0.732516
 0.577319
-0.874102
 0.387697
 0.292638
 0.444951
-0.885998
-0.130480
-0.591382
 0.275693
-0.757800
-0.583170
 0.586267
-0.562321
 0.039175
 0.686594
-0.725985
 0.572177
-0.134776
-0.808980
-0.937808
 0.343315
-0.051486
 0.615523
-0.680490
-0.397574
 0.721149
 0.068523
 0.689383
 0.954292
 0.298630
 0.012096
-0.797347
-0.562403
-0.218954
 0.571225
 0.817386
 0.074716
-0.791417
 0.531793
-0.301421
 0.077086
-0.611571
-0.787426
-0.348912
-0.109463
 0.930741
 0.274444
-0.824626
 0.494644
-0.480310
-0.345587
-0.806146
 0.488682
 0.830487
-0.267359
 0.851245
-0.055223
-0.521854
 0.266684
 0.931720
 0.246531
 0.888295
 0.223094
 0.401449
 0.192710
 0.976944
-0.091891
 0.292776
-0.817780
-0.495498
 0.097361
-0.974745
-0.200979
-0.420389
-0.449396
 0.788236
 0.670427
 0.545344
-0.503117
-0.681322
-0.212859
 0.700351
-0.067466
-0.844666
-0.531024
 0.743502
-0.666714
-0.051930
 0.078278
 0.905458
-0.417154
 0.090735
 0.383555
-0.919050
-0.886715
-0.285804
 0.363391
-0.500435
-0.744752
-0.441486
 0.983486
-0.030143
-0.178457
-0.194325
 0.968880
-0.153330
-0.294107
 0.572993
-0.764971
-0.978598
 0.035285
-0.202734
 0.701930
-0.383871
-0.599947
 0.249265
-0.278339
-0.927574
-0.417932
 0.543917
 0.727658
 0.396822
 0.032728
 0.917312
