129
-0.667184
-0.218186
 0.712222
 0.281627
 0.113713
 0.952762
-0.026093
-0.796221
 0.604443
 0.793408
-0.328088
 0.512700
-0.950696
-0.242747
 0.193003
-0.294903
-0.147566
 0.944064
-0.829220
 0.554163
 0.072784
-0.387689
-0.565681
 0.727807
 0.221423
 0.789965
 0.571775
-0.560354
 0.572586
 0.598456
 0.370265
 0.625746
 0.686546
 0.813755
-0.097384
 0.572992
-0.941026
 0.325068
 0.093817
 0.782414
 0.136256
 0.607670
-0.853940
-0.354592
 0.380857
 0.065375
 0.976883
 0.203532
 0.337925
-0.119855
 0.933510
 0.980758
-0.008495
 0.195041
 0.285900
 0.948829
 0.134108
 0.494366
 0.046604
 0.868003
 0.507070
 0.430392
 0.746755
-0.753262
 0.151337
 0.640073
-0.124946
-0.326376
 0.936946
-0.936276
 0.208896
 0.282399
-0.012033
-0.918040
 0.396304
-0.222926
-0.845719
 0.484833
-0.089678
 0.618988
 0.780264
 0.521247
-0.193817
 0.831105
 0.610452
 0.767763
 0.194650
 0.505878
-0.860778
 0.056122
-0.491822
-0.186695
 0.850445
 0.010752
 0.134734
 0.990824
-0.724271
 0.523579
 0.448661
 0.133117
-0.049738
 0.989852
 0.160390
 0.301141
 0.939994
-0.350303
 0.929794
 0.113006
-0.047620
 0.982835
-0.178233
-0.578206
-0.716567
 0.390140
-0.733090
-0.542374
 0.410377
 0.951774
 0.208360
 0.225193
 0.312560
-0.336565
 0.888274
 0.674683
-0.265509
 0.688700
-0.897283
 0.430505
-0.097719
-0.635259
-0.000215
 0.772299
-0.895794
-0.149704
 0.418500
-0.408989
 0.743394
 0.529239
 0.577341
 0.566754
 0.587765
 0.754259
 0.493900
 0.432616
 0.624948
-0.743813
 0.237028
 0.007963
 0.786631
 0.617372
 0.447237
-0.615613
 0.648845
-0.202982
 0.866062
 0.456875
-0.343399
-0.371919
 0.862411
 0.739630
-0.545810
 0.393749
 0.290721
-0.951314
 0.102388
-0.168296
-0.528075
 0.832354
-0.343484
-0.932591
 0.110875
-0.355628
 0.262945
 0.896877
 0.779717
-0.600878
 0.176034
-0.207178
 0.740948
 0.638806
 0.702087
 0.361125
 0.613728
-0.413828
-0.724978
 0.550593
-0.795344
-0.086228
 0.599993
 0.225200
-0.922360
 0.313906
-0.552820
-0.814394
 0.176500
 0.871002
-0.380421
 0.310861
 0.557835
-0.812038
-0.171505
-0.358243
 0.597709
 0.717221
 0.226555
-0.703367
 0.673756
-0.479659
 0.418068
 0.771457
 0.034988
 0.471117
 0.881377
-0.586071
-0.563308
 0.582413
-0.221884
 0.088076
 0.971087
-0.393720
 0.859694
 0.325440
 0.105244
-0.266721
 0.958010
 0.672256
-0.027104
 0.739822
-0.544071
-0.402581
 0.736149
-0.730106
-0.649393
 0.212681
 0.939438
 0.342134
 0.020020
 0.068022
-0.467514
 0.881365
 0.613498
 0.680844
 0.400090
-0.408210
-0.276369
-0.870049
 0.993101
 0.117237
-0.002312
-0.487501
-0.872069
-0.042876
-0.865246
-0.465372
 0.186491
-0.439169
 0.042175
 0.897414
-0.125477
-0.991736
 0.026742
 0.431392
 0.853114
 0.293423
-0.673946
 0.372347
 0.638087
-0.964564
 0.221149
-0.143911
-0.393847
-0.855024
 0.337371
-0.722498
 0.648862
 0.238695
 0.877915
 0.416894
 0.235510
 0.763301
 0.606490
 0.222581
 0.145507
 0.644211
 0.750880
-0.165508
 0.952797
 0.254529
-0.884790
 0.080046
 0.459064
-0.581035
 0.712256
 0.393815
 0.171655
-0.841721
 0.511899
 0.023099
-0.646172
 0.762842
-0.835829
-0.548732
-0.016817
-0.183496
-0.947863
 0.260547
 0.017019
 0.906084
 0.422756
-0.825348
 0.309102
 0.472501
-0.689992
-0.723769
 0.008301
 0.614607
 0.210072
 0.760347
-0.115700
 0.307231
 0.944575
-0.687446
 0.726235
 0.000883
 0.493143
-0.417080
 0.763449
 0.110456
-0.993051
-0.040620
 0.637800
-0.488348
 0.595590
-0.084220
-0.101178
 0.991297
-0.913877
 0.160914
-0.372741
 0.230944
 0.900178
 0.369248
-0.571969
 0.215106
 0.791569
-0.240818
 0.462954
 0.853042
 0.852985
 0.285469
 0.436948
 0.384180
-0.781834
 0.491061
-0.739389
-0.360608
 0.568565
-0.274840
 0.533018
-0.800222
-0.853534
 0.440311
 0.278579
-0.993273
 0.103751
 0.051431
-0.213901
-0.700400
 0.680945
 0.575306
-0.681226
 0.452718
 0.438597
-0.853435
 0.281570
 0.425822
 0.754128
 0.499966
-0.970255
-0.018338
 0.241390
 0.280395
 0.471936
 0.835856
 0.906805
 0.064202
 0.416632
