27
 0.463021
-0.849503
 0.252896
 0.091872
-0.435100
 0.895683
 0.113035
 0.782286
 0.612578
-0.782141
-0.478793
 0.398763
 0.618257
-0.507255
 0.600376
 0.383776
 0.378376
 0.842347
-0.202217
 0.957680
 0.204833
 0.605451
 0.671866
 0.426645
 0.905808
 0.410461
 0.105043
 0.994425
-0.009222
-0.105043
 0.506335
-0.118428
 0.854166
 0.908941
-0.121717
 0.398763
 0.867348
-0.482561
 0.121824
 0.636480
-0.747878
-0.188604
-0.598218
-0.792019
 0.121824
-0.415234
-0.313019
 0.854166
-0.503985
 0.190923
 0.842346
-0.000000
-0.000000
 1.000000
-0.094212
 0.446180
 0.889970
 0.162534
-0.769747
 0.617310
 0.769074
 0.251434
 0.587627
 0.825389
-0.369741
-0.426645
-0.080058
-0.964176
 0.252896
-0.805072
-0.080951
 0.587627
-0.279795
-0.941352
-0.188604
-0.419649
 0.669808
 0.612578
-0.360407
-0.713902
 0.600376
