77
-0.839647
-0.135974
 0.525836
-0.645936
-0.250283
 0.721197
-0.832479
 0.146739
 0.534272
 0.952662
-0.104855
 0.285379
-0.152737
-0.175599
 0.972541
-0.631494
-0.741833
-0.225607
-0.383695
-0.900449
 0.204867
 0.125547
 0.228414
 0.965435
-0.538356
 0.776560
 0.327302
 0.696647
-0.683395
 0.218298
 0.395251
 0.608707
 0.687934
 0.642865
-0.156059
 0.749913
-0.379443
 0.924510
 0.036113
-0.350104
-0.805765
 0.477672
-0.124268
 0.399851
 0.908117
-0.059710
 0.982874
 0.174339
 0.811915
 0.531507
-0.241443
 0.810447
-0.262968
 0.523472
-0.089571
 0.663931
 0.742410
 0.596721
 0.401550
 0.694753
-0.146726
 0.107903
 0.983274
 0.577895
-0.439657
 0.687561
 0.642171
 0.596750
 0.481150
-0.799233
-0.600144
-0.032463
-0.754939
 0.600232
 0.264176
 0.939509
 0.342331
 0.011531
-0.655125
 0.041023
 0.754406
-0.605759
-0.697927
 0.382040
-0.292712
 0.903294
 0.313656
 0.245484
-0.756945
 0.605618
 0.166207
 0.986032
-0.010744
-0.269296
-0.650645
 0.710028
-0.756364
-0.423059
 0.498934
-0.609095
 0.327947
 0.722118
 0.454222
-0.857747
 0.240733
-0.998412
-0.056328
 0.000424
-0.397638
 0.223486
 0.889909
 0.418307
 0.796608
 0.436389
-0.414108
-0.364483
 0.834066
-0.616997
-0.780917
 0.097383
 0.417231
 0.901390
 0.115823
 0.332565
-0.535640
 0.776203
 0.148365
 0.521145
 0.840474
-0.055361
-0.824560
 0.563060
 0.800264
 0.300704
 0.518801
 0.629457
-0.775965
-0.040768
-0.766507
 0.416409
 0.488948
-0.910980
 0.328293
 0.249679
 0.929146
 0.254367
-0.268301
 0.193332
 0.928544
 0.316904
-0.534605
-0.557948
 0.634738
-0.199889
 0.905647
-0.373962
 0.041875
-0.629929
 0.775523
 0.170225
 0.767210
 0.618395
-0.562583
 0.601451
 0.567237
 0.972471
-0.232772
 0.010797
 0.638594
 0.125850
 0.759183
-0.363095
 0.511682
 0.778680
 0.497357
-0.709512
 0.499228
-0.103559
-0.946662
 0.305134
-0.424182
-0.072101
 0.902702
 0.132128
-0.067668
 0.988920
 0.128451
-0.355849
 0.925674
 0.838145
 0.020115
 0.545076
 0.715687
-0.530623
 0.454127
 0.883008
-0.396602
 0.251005
 0.833627
 0.472294
 0.286365
-0.959737
 0.040691
 0.277936
 0.397373
-0.250448
 0.882820
 0.400313
 0.038452
 0.915571
 0.848172
-0.529716
-0.002192
 0.136341
-0.984531
 0.110042
 0.378281
 0.327954
 0.865650
-0.149076
-0.444203
 0.883436
 0.943478
 0.184047
 0.275639
-0.315052
 0.752072
 0.578904
-0.052539
 0.873164
 0.484586
