145
 0.617253
 0.466325
-0.633671
-0.768211
 0.611547
 0.189375
 0.846862
 0.517204
 0.123790
-0.507863
-0.663926
 0.548888
 0.798558
 0.379506
 0.467205
 0.226831
-0.331363
 0.915831
-0.524935
-0.335280
 0.782324
 0.959816
-0.275098
 0.055443
 0.375658
-0.011654
 0.926685
-0.309610
-0.750733
 0.583560
 0.658867
 0.413900
 0.628157
-0.422115
 0.828494
 0.367990
 0.850779
-0.223011
 0.475859
-0.102744
-0.987144
-0.122435
 0.154796
-0.728035
 0.667834
 0.238874
 0.816736
 0.525244
-0.887896
 0.240678
 0.392066
-0.688549
-0.565311
 0.454228
 0.447376
 0.714862
 0.537426
 0.934192
-0.040915
 0.354416
 0.004480
-0.948544
 0.316615
-0.473180
 0.865165
 0.166103
 0.567428
-0.111034
 0.815903
 0.708634
 0.678123
 0.194904
 0.840073
-0.014802
 0.542271
-0.715877
 0.566192
 0.408590
-0.198538
-0.098159
 0.975165
-0.564165
-0.739950
 0.366322
 0.791465
 0.197229
 0.578518
-0.600220
-0.781920
 0.168338
 0.005726
-0.627124
 0.778898
 0.894362
 0.356832
 0.269792
-0.176439
-0.302423
 0.936702
-0.381813
-0.206257
 0.900931
-0.205238
 0.878441
 0.431531
 0.405018
-0.227689
 0.885505
 0.487157
 0.549603
 0.678686
-0.206148
 0.108604
 0.972475
 0.325296
 0.469604
 0.820765
-0.815163
-0.137712
 0.562622
-0.377357
-0.847728
-0.372771
 0.071696
-0.857384
 0.509659
-0.050416
 0.956824
 0.286263
-0.736470
-0.627782
 0.251995
 0.352811
-0.632160
 0.689853
 0.353361
-0.754819
-0.552616
 0.248528
 0.967257
-0.051450
-0.848684
 0.438635
 0.295525
 0.040701
-0.421762
 0.905792
-0.834487
-0.446854
 0.322416
-0.759341
-0.649731
 0.035356
-0.555046
 0.344921
 0.756937
-0.637449
 0.478790
 0.603671
 0.929108
-0.251551
 0.271073
 0.495134
 0.356110
 0.792482
-0.705249
 0.235754
 0.668613
 0.015147
-0.216278
 0.976214
 0.002787
 0.428992
 0.903304
-0.433641
-0.556102
 0.709018
-0.572295
 0.120292
 0.811177
-0.960895
 0.107249
 0.255300
-0.185579
 0.501823
 0.844828
-0.080530
-0.766604
 0.637050
 0.769605
 0.541279
 0.338710
-0.562631
-0.108124
 0.819607
-0.941557
-0.332326
-0.055036
-0.274094
 0.644256
 0.714008
-0.776702
 0.628120
-0.046900
-0.585822
-0.722778
-0.366613
-0.413923
-0.885017
 0.213103
 0.296971
 0.661776
 0.688375
-0.938401
-0.303127
 0.165886
-0.778899
 0.366540
 0.508886
 0.201557
-0.118609
 0.972269
-0.502473
 0.863196
-0.049129
 0.727848
-0.182970
 0.660877
-0.234553
-0.636850
 0.734444
-0.712882
-0.003151
 0.701276
 0.899615
 0.173279
 0.400832
-0.342210
-0.420110
 0.840476
 0.395979
-0.439721
 0.806131
 0.363157
-0.912368
 0.188949
-0.399938
 0.011160
 0.916474
 0.637414
 0.579766
 0.507518
-0.650342
 0.755847
 0.075829
-0.548895
 0.673852
 0.494608
 0.772719
 0.363192
-0.520574
 0.995030
-0.084929
-0.051989
-0.909306
-0.021617
 0.415567
 0.678347
-0.555944
 0.480387
-0.631090
 0.759083
-0.159744
-0.399603
 0.226801
 0.888188
-0.380300
 0.435842
 0.815729
 0.866932
 0.487351
-0.104487
-0.892966
-0.243681
 0.378459
-0.684895
-0.241736
 0.687373
-0.050545
 0.641103
 0.765788
 0.093614
 0.747580
 0.657541
 0.547659
-0.515289
 0.659202
 0.440786
-0.826251
 0.350737
-0.310604
 0.950219
 0.024690
 0.967185
 0.151622
 0.203870
 0.018792
 0.875156
 0.483475
 0.607135
-0.710925
 0.354928
-0.105492
 0.991783
 0.072374
-0.370433
-0.834525
 0.407857
-0.145448
-0.497737
 0.855046
 0.159344
-0.975934
 0.148867
 0.704242
 0.022467
 0.709605
 0.880679
-0.445848
 0.160076
-0.201479
 0.310606
 0.928940
 0.762179
-0.591829
 0.262339
-0.002338
 0.217476
 0.976063
 0.505621
 0.837404
 0.207610
-0.468107
 0.573702
 0.672118
 0.166593
 0.927323
 0.335140
-0.612477
 0.733949
 0.293582
-0.941390
 0.296878
 0.160151
 0.191172
 0.108639
 0.975526
 0.363616
 0.225991
 0.903721
 0.219099
-0.908056
 0.356973
 0.142080
 0.566158
 0.811960
 0.202647
-0.542343
 0.815351
 0.490108
-0.687857
 0.535394
 0.647677
 0.230211
 0.726304
 0.574503
-0.320524
 0.753134
 0.986058
-0.063392
 0.153857
 0.046044
 0.993732
-0.101862
 0.441999
 0.897003
-0.004676
 0.528341
 0.104359
 0.842594
 0.991714
 0.128405
-0.003885
 0.187272
 0.335743
 0.923150
-0.824907
 0.111893
 0.554084
-0.152962
-0.872852
 0.463392
 0.300176
-0.796312
 0.525150
-0.130878
 0.781012
 0.610648
-0.000000
-0.000000
 1.000000
-0.266786
 0.934854
 0.234251
 0.825168
-0.417341
 0.380689
-0.971189
-0.102636
 0.215078
 0.879449
-0.472267
-0.059441
 0.718851
-0.378293
 0.583221
-0.208629
-0.941223
 0.265656
-0.617811
-0.785382
-0.038531
 0.308252
 0.936005
 0.169929
