17
-0.084677
-0.798978
 0.595368
-0.285378
 0.382557
 0.878755
 0.239575
-0.008537
 0.970840
-0.826274
 0.479411
-0.295697
-0.933600
 0.272403
 0.232780
-0.585702
 0.695361
 0.416445
 0.348167
 0.536125
 0.768993
 0.687326
 0.597291
-0.413312
-0.788627
-0.069187
-0.610967
 0.672858
 0.682522
 0.285353
-0.729422
-0.025495
 0.683588
-0.028902
 0.887279
 0.460327
 0.432026
-0.525413
 0.733004
-0.386679
 0.910660
-0.145523
-0.269733
-0.320655
 0.907978
-0.266447
-0.962145
 0.057290
-0.969994
-0.241445
-0.028553
