32
 0.519013
 0.854199
 0.031151
 0.801211
-0.063809
 0.594970
 0.514837
 0.726299
 0.455448
 0.117967
 0.965760
 0.231065
-0.467151
-0.549242
 0.692895
 0.716315
 0.197382
-0.669278
 0.599777
-0.492419
 0.630707
-0.800020
 0.223072
 0.556963
 0.029535
 0.733272
-0.679294
 0.379870
 0.402820
 0.832727
-0.951171
-0.161172
 0.263244
-0.102942
 0.448113
 0.888030
-0.760744
-0.566441
 0.316879
-0.697256
 0.653755
 0.294005
-0.944892
 0.293928
 0.144174
-0.353468
 0.934011
 0.051810
-0.680714
 0.715159
-0.158670
 0.747590
 0.362889
 0.556256
 0.890215
-0.360105
 0.279001
-0.378146
-0.845537
 0.376926
-0.281684
 0.832306
 0.477411
 0.841861
 0.525064
 0.124811
 0.478308
-0.041353
 0.877218
 0.231306
-0.428135
 0.873612
-0.206770
-0.303548
 0.930110
 0.978177
 0.099085
 0.182624
 0.118710
 0.750307
 0.650344
 0.004364
 0.977355
-0.211562
-0.348364
 0.817823
-0.458049
-0.435353
 0.090815
 0.895667
-0.498520
 0.514078
 0.697998
 0.058008
 0.049572
 0.997085
