78
 0.427950
 0.624180
 0.653649
 0.637135
 0.763607
-0.104710
 0.938404
 0.167906
 0.302004
 0.000000
-0.000000
 1.000000
 0.244328
 0.185147
 0.951853
 0.417663
-0.879414
 0.228449
 0.655808
 0.470002
 0.590774
-0.307821
-0.677172
 0.668345
 0.309610
 0.442718
 0.841512
 0.476515
 0.040045
 0.878254
 0.169653
 0.740945
 0.649783
 0.048505
 0.554181
 0.830982
 0.704635
-0.005531
 0.709548
 0.917957
 0.390341
 0.070635
 0.283882
-0.430635
 0.856718
-0.015331
 0.301597
 0.953312
 0.260096
-0.139652
 0.955430
 0.081261
 0.917834
 0.388558
 0.260793
-0.690283
 0.674905
 0.797290
 0.215115
 0.563963
-0.560917
-0.551829
 0.617136
-0.283153
 0.381579
 0.879899
-0.513984
-0.067825
 0.855114
-0.405343
 0.737584
 0.540061
 0.709640
-0.529780
 0.464483
-0.217352
 0.620897
 0.753157
-0.502017
 0.508920
 0.699271
-0.880731
 0.148079
 0.449872
 0.880508
-0.346366
 0.323631
 0.399539
 0.904000
-0.152160
-0.723243
 0.342684
 0.599573
 0.019848
-0.309281
 0.950763
-0.700903
-0.259407
 0.664412
 0.825218
 0.442810
 0.350621
 0.949229
-0.310654
-0.049584
-0.277271
 0.104727
 0.955067
 0.145428
-0.974556
 0.170559
 0.264621
 0.951463
 0.157142
 0.553176
 0.291381
 0.780444
-0.248189
-0.186250
 0.950638
 0.029770
-0.586252
 0.809582
-0.101639
 0.807259
 0.581380
 0.737990
-0.284245
 0.612025
-0.937567
-0.270791
 0.218265
 0.521346
 0.839473
 0.153244
-0.877885
-0.139149
 0.458208
-0.783730
-0.437626
 0.440739
-0.343816
 0.936970
 0.062272
 0.514929
-0.513966
 0.686067
-0.864391
 0.394878
 0.311287
 0.192926
-0.873289
 0.447377
 0.759455
 0.636989
 0.132182
-0.770510
 0.616981
 0.160151
-0.367661
-0.823404
 0.432239
-0.977576
 0.061455
 0.201415
 0.522190
-0.246984
 0.816282
-0.844153
 0.526146
-0.102840
-0.222682
-0.475696
 0.850956
 0.474315
-0.737522
 0.480714
-0.470510
-0.356080
 0.807358
 0.670303
-0.699700
 0.247210
 0.821461
 0.544485
-0.169522
-0.668847
 0.593715
 0.447377
-0.046814
-0.786505
 0.615806
-0.534186
 0.227742
 0.814112
 0.604713
-0.796422
-0.005790
-0.528284
 0.800755
 0.282325
 0.615674
 0.683091
 0.392851
 0.136866
 0.985733
-0.097969
-0.616214
-0.691605
 0.376779
 0.977017
-0.128466
 0.170099
-0.243990
 0.907235
 0.342628
-0.730716
 0.038072
 0.681619
 0.884113
-0.072925
 0.461547
-0.104174
-0.922230
 0.372344
-0.993772
-0.109695
-0.019626
 0.362323
 0.827896
 0.428148
-0.052860
 0.990009
 0.130718
