86
-0.112237
-0.294066
 0.949172
 0.258861
 0.590611
 0.764310
 0.348854
-0.837672
 0.420246
 0.223743
 0.202621
 0.953354
-0.371315
-0.915498
 0.154881
-0.865391
-0.448933
-0.222616
 0.060394
-0.040851
 0.997338
-0.964293
 0.236669
 0.118857
-0.497528
 0.716847
 0.488463
-0.371317
-0.684902
 0.626924
-0.701570
 0.645447
 0.301991
-0.602888
-0.796149
 0.051710
-0.240469
-0.516533
 0.821808
-0.933178
 0.095642
 0.346456
 0.720881
-0.513663
 0.465275
 0.416251
-0.296743
 0.859464
 0.456312
 0.875196
 0.160659
-0.217108
-0.022226
 0.975895
 0.923483
-0.366988
 0.111798
 0.234574
 0.910917
 0.339418
 0.339520
-0.044389
 0.939551
-0.226160
-0.862066
 0.453536
 0.667955
-0.744199
 0.002049
-0.001713
 0.676517
 0.736425
 0.194913
-0.736613
 0.647619
-0.076966
 0.220201
 0.972413
 0.713561
 0.539005
 0.447554
-0.436223
 0.538666
 0.720797
 0.775638
-0.212326
 0.594394
 0.757401
 0.084493
 0.647460
 0.040797
-0.543144
 0.838648
 0.932774
 0.188701
-0.307122
-0.814625
-0.579612
 0.020870
 0.319142
-0.536600
 0.781159
 0.212359
 0.975041
 0.064804
 0.657747
 0.349442
 0.667277
-0.252937
 0.729822
 0.635124
 0.260314
 0.777635
 0.572294
-0.342174
 0.270097
 0.899980
-0.626888
-0.581882
 0.518097
-0.104013
-0.967452
 0.230689
 0.596438
-0.414561
 0.687314
-0.036157
 0.962981
 0.267134
-0.207799
 0.953468
-0.218445
-0.479774
-0.793847
 0.373663
-0.012333
 0.854396
 0.519476
 0.529095
 0.142897
 0.836444
 0.457321
-0.881828
 0.115054
-0.697580
-0.665341
 0.265899
 0.057772
-0.887070
 0.458005
 0.981371
-0.097655
 0.165452
 0.962306
 0.180609
 0.203341
 0.079302
 0.433073
 0.897863
-0.847178
-0.444171
 0.291550
 0.879677
-0.301934
 0.367430
 0.486111
-0.654230
 0.579379
-0.469013
 0.021693
 0.882925
 0.500337
 0.760694
 0.413530
 0.606420
-0.115211
 0.786753
 0.590847
-0.741995
 0.316768
 0.158067
-0.304520
 0.939299
-0.684719
 0.061278
 0.726226
-0.672425
 0.496330
 0.549091
 0.506284
 0.586857
 0.631882
-0.297127
 0.949323
 0.102477
 0.905704
-0.007818
 0.423838
 0.050955
-0.998693
 0.003957
 0.281390
-0.877943
-0.387345
-0.630481
-0.208909
 0.747563
-0.192572
 0.495663
 0.846897
 0.846532
 0.278330
 0.453779
-0.380967
-0.254928
 0.888750
-0.944437
-0.326198
 0.040408
 0.407394
 0.378538
 0.831107
-0.514312
 0.830880
 0.212419
-0.090427
-0.732716
 0.674499
-0.798481
 0.239579
 0.552295
-0.765237
-0.347929
 0.541626
-0.689914
-0.692920
-0.209478
-0.576935
 0.310041
 0.755659
-0.839635
 0.535712
 0.089592
-0.508669
-0.455021
 0.730898
-0.834224
-0.079047
 0.545730
-0.855707
 0.396289
 0.332747
 0.785360
-0.584226
 0.204671
 0.996237
 0.046194
-0.073334
