131
-0.480577
-0.092817
 0.872027
 0.665642
 0.416231
 0.619413
-0.343972
-0.636355
 0.690460
 0.804387
-0.454237
-0.382924
 0.113393
 0.419368
 0.900707
-0.734984
 0.636884
 0.232760
 0.064044
 0.923713
 0.377693
 0.889469
 0.428182
 0.159703
 0.089989
-0.276293
 0.956851
 0.647022
 0.586655
 0.487030
 0.446565
-0.773800
 0.449237
-0.113666
-0.973340
 0.199222
 0.268310
-0.882134
 0.387104
 0.446510
-0.512880
 0.733200
 0.057026
-0.996665
 0.058366
-0.547541
 0.769104
 0.329663
-0.794662
-0.531042
 0.294121
 0.498175
-0.082374
 0.863155
-0.278281
 0.746942
 0.603852
 0.233158
-0.969501
-0.075530
 0.959405
-0.238414
 0.150669
-0.131070
-0.758652
 0.638175
-0.603390
-0.792488
-0.088789
 0.486452
 0.145659
 0.861480
-0.520592
-0.306920
 0.796734
 0.636394
-0.418674
 0.647854
 0.907583
-0.172770
 0.382680
 0.783016
-0.583477
 0.215499
 0.968264
-0.069988
-0.239929
-0.643448
-0.693448
 0.324199
-0.046906
-0.880436
 0.471839
 0.266552
-0.950832
 0.157698
 0.451957
 0.847275
 0.279035
 0.449015
-0.893306
 0.019748
 0.464781
-0.852513
 0.239164
-0.109668
 0.857699
 0.502320
 0.631551
-0.696980
 0.339651
-0.748453
 0.070512
 0.659429
-0.654774
 0.611010
 0.444901
 0.638955
-0.760204
 0.117586
 0.637260
 0.710729
 0.297935
-0.058734
 0.690743
-0.720711
-0.129249
-0.378780
 0.916417
 0.486496
 0.380149
 0.786644
 0.646258
 0.229663
 0.727740
 0.733745
-0.514594
 0.443634
-0.668737
 0.450420
 0.591534
-0.660361
-0.114215
 0.742212
 0.473638
 0.736965
 0.482234
 0.302141
 0.057575
 0.951523
 0.079837
-0.949774
 0.302581
 0.282298
-0.385940
 0.878270
-0.325398
 0.186446
 0.927013
 0.406646
 0.911345
 0.063946
 0.609548
-0.785456
-0.107282
 0.110710
 0.193030
 0.974927
-0.292765
-0.020465
 0.955965
-0.543427
-0.829510
 0.128843
 0.182226
 0.983067
 0.019299
 0.670304
 0.010703
 0.742010
-0.907924
-0.339084
 0.246368
 0.100257
-0.044116
 0.993983
-0.097788
 0.087342
 0.991367
-0.077461
 0.526309
 0.846758
-0.077748
 0.710074
 0.699822
-0.320476
-0.786671
 0.527678
 0.668103
-0.208147
 0.714362
-0.813045
-0.134947
 0.566346
 0.101200
 0.803144
 0.587127
 0.793479
-0.306097
 0.526018
-0.692355
-0.327404
 0.643001
 0.796368
 0.159465
 0.583412
-0.945461
-0.324733
 0.025526
-0.093584
 0.305425
 0.947606
 0.973538
-0.022293
 0.227435
 0.059263
-0.490668
 0.869329
-0.339981
-0.927843
 0.153364
-0.288008
 0.589835
 0.754418
-0.806762
 0.267990
 0.526608
 0.486382
 0.574017
 0.658739
-0.521329
-0.674580
 0.522645
-0.884755
 0.067829
 0.461094
-0.535562
-0.502564
 0.678677
-0.236612
-0.901108
 0.363344
 0.241372
 0.941758
 0.234163
 0.919123
 0.256910
 0.298681
-0.174162
 0.939128
 0.296153
-0.315375
-0.249809
 0.915497
-0.142310
-0.585127
 0.798357
 0.812833
 0.348210
 0.466961
 0.486943
-0.303174
 0.819129
-0.104016
-0.153789
 0.982614
 0.872154
-0.461975
-0.161018
 0.777729
-0.628500
-0.011210
 0.307392
 0.293996
 0.905028
 0.301204
-0.169700
 0.938338
 0.869543
-0.387898
 0.305663
-0.547138
 0.103500
 0.830619
 0.768194
 0.629022
 0.119202
 0.960495
-0.264846
-0.085477
-0.655927
 0.263980
 0.707159
-0.981777
-0.130795
 0.137861
 0.556746
-0.614246
 0.559228
 0.895038
-0.440607
 0.069088
-0.981350
-0.158465
-0.108820
-0.475771
 0.323338
 0.817982
 0.301294
 0.705714
 0.641241
 0.305209
 0.514861
 0.801103
-0.998387
 0.056683
 0.003183
 0.906140
 0.070495
 0.417063
 0.278195
 0.850420
 0.446535
-0.479977
 0.679042
 0.555449
 0.788050
 0.520045
 0.329439
-0.004506
-0.986418
-0.164190
-0.823254
-0.340206
 0.454437
 0.143655
-0.816939
 0.558547
-0.690349
-0.522322
 0.500597
-0.851425
-0.519606
 0.071302
-0.489902
 0.512363
 0.705323
-0.910438
 0.269317
 0.313960
 0.812955
-0.077868
 0.577097
-0.457624
-0.821699
 0.339692
 0.330471
-0.710023
 0.621817
 0.240944
-0.583904
 0.775244
-0.345929
 0.841520
 0.414943
 0.120071
 0.630174
 0.767114
-0.277355
 0.404524
 0.871456
 0.715688
 0.690393
-0.105583
-0.921928
-0.136671
 0.362449
 0.403666
-0.892603
-0.200785
-0.340447
-0.455559
 0.822534
