136
 0.603118
-0.447541
 0.660270
 0.538612
-0.255123
 0.803000
-0.846727
-0.496518
 0.191109
-0.399120
-0.005889
 0.916880
 0.218033
-0.883957
 0.413621
-0.554135
-0.814231
 0.173094
 0.229960
-0.434865
 0.870638
 0.283124
 0.114775
 0.952191
-0.272992
 0.861457
 0.428214
 0.951634
-0.162950
 0.260461
 0.386513
-0.881211
 0.272168
-0.704745
-0.428964
 0.565088
-0.466637
-0.235774
 0.852444
 0.781507
-0.035322
 0.622895
 0.091744
-0.290195
 0.952560
-0.014229
-0.994882
 0.100040
 0.860082
-0.496287
 0.118148
 0.878332
-0.370312
 0.302328
-0.798684
 0.596969
 0.075705
 0.587039
-0.743368
 0.320606
-0.257196
 0.419388
 0.870611
-0.795790
-0.605305
-0.017977
 0.500824
 0.145669
 0.853203
 0.641210
 0.766740
 0.030985
 0.977722
 0.054896
 0.202598
-0.348931
 0.936558
-0.033251
-0.218849
-0.975751
 0.003860
-0.582365
-0.044904
 0.811686
-0.727359
-0.565362
 0.388993
-0.370553
 0.583290
 0.722816
-0.337207
 0.250773
-0.907416
 0.913147
 0.183365
 0.364061
 0.232847
 0.668845
 0.705995
-0.850279
-0.371939
 0.372408
 0.968299
-0.205026
-0.142695
 0.363660
 0.316129
 0.876250
-0.305293
 0.928620
 0.210860
-0.934109
 0.111816
 0.339024
-0.655278
 0.338047
 0.675526
 0.296581
 0.932760
 0.204935
-0.625033
 0.639280
 0.447945
 0.903864
-0.413049
-0.111443
 0.883490
-0.335614
-0.326816
-0.432609
 0.717016
 0.546568
-0.923491
-0.135259
 0.358984
-0.100246
 0.952710
 0.286870
-0.170392
-0.571766
 0.802527
-0.790723
 0.536772
 0.294334
 0.050840
 0.598770
 0.799306
 0.402956
 0.707516
 0.580558
 0.233180
-0.766181
 0.598827
 0.623148
-0.049027
 0.780565
 0.655639
-0.754205
-0.036220
 0.934678
 0.303286
 0.185457
-0.177145
-0.951408
 0.251876
 0.451841
 0.890971
 0.044831
-0.820575
 0.239450
 0.518960
-0.327374
-0.411069
 0.850793
 0.902031
-0.021877
 0.431117
-0.164321
 0.605060
 0.779038
 0.533044
-0.837352
 0.121265
 0.722993
-0.673743
 0.152813
 0.710478
-0.244390
 0.659920
-0.367229
-0.602015
 0.709028
-0.912791
-0.408427
 0.000643
-0.267211
-0.192019
 0.944313
 0.491340
-0.861695
-0.126752
-0.739603
-0.082066
 0.668021
-0.384363
-0.851584
 0.356469
 0.237081
-0.615324
 0.751777
-0.563936
 0.533108
 0.630692
 0.021483
-0.837846
 0.545484
 0.130299
 0.278388
 0.951589
 0.424262
-0.773159
 0.471409
 0.428180
-0.056195
 0.901944
 0.027462
-0.695395
 0.718103
-0.562300
-0.601677
 0.567277
-0.571852
-0.726255
 0.381497
 0.709920
 0.377780
 0.594387
 0.552518
 0.358554
 0.752438
 0.835804
 0.505464
 0.214333
-0.655515
 0.713130
 0.248486
-0.538224
 0.177328
 0.823935
 0.812207
 0.179064
 0.555208
 0.557812
 0.713260
 0.424390
-0.148790
 0.987435
 0.053239
-0.032793
 0.428462
 0.902965
 0.985191
 0.171274
 0.007955
 0.029863
-0.515499
 0.856369
 0.996621
-0.075328
 0.032742
 0.754519
-0.421863
 0.502726
 0.018575
-0.940301
 0.339836
-0.179983
-0.740792
 0.647173
 0.985030
 0.034088
-0.168978
 0.713567
 0.557883
 0.423779
-0.465718
 0.387259
 0.795700
 0.062645
 0.987710
 0.143192
 0.756451
-0.562570
 0.333611
 0.435696
-0.629832
 0.643024
-0.223639
 0.753612
 0.618106
-0.050812
 0.872630
 0.485731
-0.337842
 0.215563
 0.916185
 0.403342
 0.525470
 0.749131
-0.744295
 0.448550
 0.494800
-0.814018
-0.232856
 0.532120
 0.516414
 0.822596
 0.238020
 0.193982
-0.089102
 0.976950
-0.384996
-0.745886
 0.543537
-0.114395
 0.239354
 0.964170
 0.184596
 0.819174
 0.543027
 0.696336
 0.679915
 0.229851
 0.849208
-0.224849
 0.477796
-0.192454
 0.034329
 0.980705
 0.356312
 0.843717
 0.401477
-0.474815
 0.808874
 0.346803
-0.857062
 0.015534
 0.514979
-0.049875
-0.132971
 0.989864
-0.943181
-0.275582
 0.185643
 0.832384
 0.380026
 0.403381
-0.365817
-0.918251
 0.151638
 0.129788
 0.926143
 0.354138
-0.184356
-0.867254
 0.462475
 0.572135
 0.553937
 0.604826
-0.713893
 0.131695
 0.687760
-0.121926
-0.361205
 0.924481
-0.644246
-0.270209
 0.715496
 0.212670
 0.467883
 0.857821
 0.044476
 0.076448
 0.996081
 0.608938
-0.614092
 0.502081
-0.519637
-0.444685
 0.729543
 0.427031
-0.451714
 0.783326
 0.674271
 0.166497
 0.719471
-0.000146
 0.753625
 0.657304
-0.715637
-0.673140
 0.186402
 0.189336
-0.963768
 0.187893
 0.951922
-0.295670
 0.080154
