137
 0.355304
-0.564163
 0.745305
 0.126109
-0.204864
 0.970632
-0.799464
-0.589124
 0.117432
 0.439636
 0.686103
 0.579640
-0.078776
-0.942545
 0.324659
-0.837657
-0.272157
 0.473562
 0.742146
-0.105901
 0.661819
-0.563647
 0.167314
 0.808893
-0.520776
-0.781564
 0.343439
 0.985058
 0.064126
 0.159837
 0.898186
-0.302546
 0.318949
-0.511862
 0.704953
 0.490957
-0.307538
 0.530331
 0.790044
 0.538635
 0.209147
 0.816168
-0.447475
 0.355080
 0.820783
 0.657819
-0.752669
 0.027635
-0.909193
-0.066347
 0.411055
 0.020688
 0.954223
 0.298380
 0.225388
 0.402301
 0.887330
 0.605038
 0.755999
 0.249791
-0.552552
 0.819050
 0.154417
-0.381443
-0.765849
 0.517665
-0.540809
 0.817747
-0.197018
 0.001751
-0.741264
 0.671212
-0.785459
 0.522807
 0.331251
-0.912812
-0.400305
 0.080809
 0.760164
-0.417069
 0.498201
-0.875157
 0.469535
 0.116780
 0.923669
 0.172493
 0.342173
 0.839227
-0.206774
 0.502935
 0.233953
 0.936364
 0.261705
-0.728647
-0.460872
 0.506627
-0.325472
 0.933649
 0.149560
-0.801255
-0.059030
 0.595404
-0.980597
-0.193943
 0.028539
 0.753615
 0.591995
 0.285666
 0.736576
 0.135405
 0.662662
-0.349137
 0.178048
 0.920001
-0.152734
-0.846515
 0.509985
 0.638126
-0.698804
-0.323215
 0.671059
-0.314830
 0.671240
-0.441580
 0.896879
-0.024792
 0.571369
-0.508577
 0.644118
-0.747091
 0.649520
 0.141347
-0.055003
 0.862974
 0.502245
-0.959546
 0.269861
 0.080294
-0.437479
-0.884668
 0.161165
 0.348000
-0.902446
 0.253942
-0.072905
 0.864383
-0.497521
 0.165511
 0.869547
 0.465290
-0.457786
-0.017947
 0.888881
-0.806753
 0.585953
-0.076213
-0.925098
-0.271091
 0.265899
 0.248004
-0.399001
 0.882776
-0.742086
 0.153302
 0.652539
 0.855898
 0.401085
 0.326449
 0.612399
 0.010976
 0.790473
 0.438952
-0.683109
 0.583680
 0.434484
 0.873604
 0.219178
 0.462509
-0.383302
 0.799478
 0.333091
 0.942250
 0.034866
-0.093543
 0.566563
 0.818692
-0.644403
 0.345838
 0.682012
-0.998075
 0.053866
 0.030731
 0.657329
 0.338574
 0.673265
-0.104597
 0.988343
 0.110621
 0.553534
 0.521471
 0.649360
-0.163719
 0.721036
 0.673278
-0.100427
-0.195307
 0.975587
 0.389729
 0.819581
 0.419999
 0.812816
-0.500780
 0.297573
-0.441175
-0.601351
 0.666140
 0.242097
 0.743248
 0.623676
 0.854790
 0.508399
 0.104235
-0.666183
 0.538922
 0.515522
 0.143952
-0.584557
 0.798481
-0.955097
 0.134907
 0.263797
-0.220476
 0.367195
 0.903636
-0.368618
 0.674157
 0.640026
-0.972928
 0.180778
-0.143984
-0.833615
-0.459733
 0.306157
 0.599002
 0.667262
 0.442672
 0.501918
-0.766755
 0.400206
-0.213047
-0.965915
 0.147037
-0.115572
 0.189424
 0.975070
 0.028614
-0.398921
 0.916539
-0.280536
 0.821095
 0.497094
-0.869655
 0.147457
 0.471122
-0.426985
 0.841295
 0.331521
 0.441133
 0.396064
 0.805317
-0.721712
-0.688953
-0.066903
 0.425734
 0.005968
 0.904829
 0.004100
 0.393457
 0.919334
 0.195267
-0.925844
-0.323548
-0.786694
 0.350619
 0.508113
 0.292535
-0.838272
 0.460135
 0.219865
 0.001785
 0.975529
 0.548845
-0.190803
 0.813857
-0.640635
-0.753040
 0.150058
-0.549192
-0.216828
 0.807077
 0.041882
 0.743082
 0.667888
 0.010408
-0.993725
 0.111362
-0.912223
 0.395706
-0.106139
 0.113438
 0.205246
 0.972114
-0.116353
-0.990371
-0.075019
 0.815325
 0.276143
 0.508910
-0.193742
-0.377838
 0.905374
-0.710702
-0.254862
 0.655704
-0.067976
-0.577195
 0.813772
-0.939018
 0.070489
-0.336566
-0.220182
-0.712140
 0.666616
 0.940705
 0.303831
 0.150865
 0.647865
-0.605164
 0.462653
 0.120813
 0.583542
 0.803046
-0.336071
-0.202790
 0.919746
 0.331042
 0.573050
 0.749683
-0.278121
-0.543283
 0.792144
-0.591205
-0.437281
 0.677689
-0.306124
-0.887849
 0.343530
-0.583223
-0.631961
 0.510369
 0.000000
-0.000000
 1.000000
 0.344140
-0.202282
 0.916869
-0.652548
-0.032658
 0.757043
 0.221637
-0.733799
 0.642196
 0.548399
 0.835680
 0.029971
-0.230502
 0.970342
-0.072833
 0.692555
-0.674220
 0.256506
 0.139625
-0.944853
 0.296239
-0.234041
-0.008023
 0.972194
-0.891064
 0.334621
 0.306650
-0.519479
 0.520942
 0.677319
 0.858954
 0.033313
 0.510968
 0.720717
 0.484817
 0.495499
-0.424703
-0.388931
 0.817533
 0.332581
 0.209792
 0.919444
-0.975913
-0.071483
 0.206117
-0.702088
-0.632272
 0.327573
