90
 0.876356
-0.199226
 0.438531
 0.255493
-0.061115
 0.964877
 0.143704
-0.218048
-0.965300
-0.104453
-0.993046
-0.054300
 0.166079
 0.833431
 0.527078
-0.189773
-0.945424
 0.264875
-0.958006
-0.176794
 0.225760
 0.014731
-0.892302
 0.451199
-0.016691
 0.732764
-0.680279
-0.640357
-0.687917
-0.341634
 0.507245
 0.847081
 0.158606
 0.000000
 0.000000
 1.000000
 0.773851
 0.613406
-0.157758
-0.616326
 0.030864
 0.786886
 0.273225
-0.570599
 0.774445
-0.965234
 0.018286
-0.260748
 0.852775
 0.189261
-0.486780
 0.037685
-0.277267
 0.960054
-0.346952
-0.936704
 0.047014
 0.020790
-0.521810
 0.852808
-0.000988
 0.461547
 0.887115
 0.293599
-0.887321
-0.355612
 0.935551
-0.062385
-0.347639
 0.578971
 0.564453
 0.588375
-0.942361
 0.283991
 0.176931
-0.574469
 0.738741
 0.352487
 0.497023
-0.117474
 0.859749
 0.638823
 0.103235
 0.762396
 0.779140
 0.473554
 0.410716
-0.803463
 0.057014
 0.592619
 0.148899
 0.230034
 0.961724
-0.168282
 0.978007
 0.123222
-0.273987
 0.423198
 0.863617
-0.712027
 0.155429
-0.684734
 0.961676
-0.246848
 0.119355
 0.053696
-0.985430
 0.161383
 0.404637
 0.165594
 0.899360
-0.396883
 0.731729
 0.554127
-0.735365
-0.301063
-0.607124
 0.875623
-0.482929
-0.008007
 0.904763
 0.233078
 0.356480
 0.747498
-0.645259
 0.157758
-0.111987
 0.823198
 0.556601
 0.837719
 0.049154
 0.543885
-0.481829
 0.525168
 0.701455
 0.692529
-0.713765
-0.104609
-0.689299
 0.303247
 0.657958
 0.875421
 0.453854
 0.166296
 0.679879
-0.607517
 0.410716
-0.462806
-0.667810
 0.582957
-0.667948
 0.542006
 0.509975
-0.201461
 0.644691
 0.737419
 0.801869
-0.531576
-0.272823
 0.642855
 0.663573
-0.382633
-0.554298
 0.822145
-0.129738
-0.000355
-0.943811
-0.330484
-0.466439
-0.200650
 0.861495
-0.429369
-0.837699
 0.337496
 0.524962
-0.377018
 0.763068
 0.517202
 0.376563
 0.768571
 0.997701
-0.040141
-0.054597
 0.269387
 0.926994
 0.260985
 0.488816
-0.272836
-0.828625
-0.255761
 0.904363
-0.341634
-0.475111
-0.450154
 0.756063
 0.342089
 0.647041
 0.681405
-0.685044
-0.219667
 0.694595
 0.857876
-0.422574
 0.292371
 0.460513
-0.876156
-0.142401
-0.912634
-0.399043
 0.088676
-0.214829
-0.150362
 0.965008
 0.485326
-0.783647
 0.387757
 0.420214
 0.787842
 0.450251
 0.266830
-0.768051
 0.582150
 0.076285
 0.672761
 0.735916
 0.722072
-0.397224
 0.566414
 0.291855
-0.332087
 0.896961
-0.843770
 0.311013
 0.437405
-0.498847
 0.605659
-0.619942
 0.272023
 0.450197
 0.850486
-0.580274
-0.806320
 0.114590
 0.323380
-0.942105
 0.088676
-0.232344
-0.402559
 0.885416
 0.733861
 0.672506
 0.095831
 0.977793
 0.192317
 0.083283
-0.677662
-0.459739
 0.573947
-0.230689
-0.815249
 0.531180
 0.832093
 0.423171
-0.358535
-0.362831
 0.064678
 0.929608
-0.234759
-0.629659
 0.740553
