109
 0.610026
-0.233011
 0.757346
 0.731705
 0.574946
 0.366122
-0.008585
 0.044474
 0.998974
-0.105568
 0.938088
 0.329919
-0.029742
-0.903237
 0.428110
-0.371585
-0.662425
 0.650475
 0.077914
 0.877016
 0.474102
 0.215616
 0.943187
-0.252803
-0.727064
 0.127484
 0.674630
 0.150699
 0.957837
 0.244617
 0.460917
 0.413076
 0.785445
-0.778696
 0.517881
 0.354162
-0.009458
 0.984039
-0.177701
-0.193713
-0.583244
 0.788861
-0.904694
 0.302605
 0.299931
 0.463362
 0.187468
 0.866113
 0.595572
 0.767030
 0.238661
 0.906877
-0.059250
 0.417209
-0.362540
 0.848445
 0.385625
 0.454558
-0.890716
-0.001114
-0.607300
 0.314958
 0.729375
-0.782908
 0.332914
 0.525569
-0.605596
-0.511622
 0.609506
-0.776550
 0.523142
-0.351130
 0.210343
-0.086800
 0.973767
-0.400634
-0.903335
-0.153228
 0.715899
-0.399026
 0.572947
-0.011234
-0.465862
 0.884786
 0.006121
 0.529310
 0.848407
-0.269233
-0.827376
 0.492912
-0.730226
 0.664681
 0.158017
 0.007173
 0.295157
 0.955422
 0.235493
-0.967528
 0.091834
-0.535472
-0.699099
 0.473847
 0.881414
 0.389322
-0.267466
-0.209150
 0.644668
 0.735296
 0.262932
 0.766005
 0.586603
 0.784889
 0.607035
 0.124330
 0.023091
 0.730384
 0.682647
 0.870019
-0.299867
 0.391340
-0.876313
 0.099638
 0.471325
-0.648234
 0.759384
-0.055935
-0.444783
-0.208271
 0.871086
-0.174113
 0.817985
 0.548256
 0.163971
-0.315119
 0.934780
 0.780856
-0.153529
 0.605551
-0.970673
-0.194577
 0.141186
-0.624989
-0.056532
 0.778584
 0.643526
 0.491435
 0.586827
-0.972648
 0.117826
-0.200184
-0.428687
-0.451346
 0.782633
 0.804635
-0.583664
 0.109078
 0.163355
-0.808080
 0.565970
-0.414448
 0.296274
 0.860497
 0.444110
-0.050794
 0.894531
-0.428041
 0.517089
 0.741215
-0.794624
-0.113345
 0.596427
-0.911959
-0.152467
 0.380900
 0.656949
 0.269158
 0.704253
 0.233636
 0.149604
 0.960746
-0.237129
-0.345888
 0.907817
-0.283890
 0.944115
 0.167493
 0.805510
 0.107759
 0.582702
 0.806305
 0.341775
 0.482765
-0.464623
 0.070697
 0.882682
 0.227686
 0.591803
 0.773258
-0.735197
-0.559290
 0.382988
-0.635103
-0.295033
 0.713862
-0.219185
 0.174167
 0.960012
-0.042973
 0.995710
 0.081951
-0.915236
-0.402915
 0.001524
-0.624532
 0.522689
 0.580307
 0.197724
 0.980255
-0.002328
 0.401130
-0.289186
 0.869175
 0.410351
-0.787854
 0.459236
 0.923661
 0.163297
 0.346675
 0.800004
 0.587082
-0.123811
-0.999865
 0.014452
 0.007843
-0.210206
 0.428355
 0.878821
-0.413150
 0.702815
 0.579101
-0.538356
 0.815993
 0.210543
 0.631532
-0.715356
 0.299054
-0.967147
 0.060205
 0.246987
 0.881673
 0.402261
 0.246655
 0.515106
-0.470042
 0.716747
 0.531046
 0.712562
 0.458525
 0.090781
-0.652837
 0.752039
 0.442101
 0.612880
 0.654924
 0.355594
-0.664709
 0.657050
 0.647258
 0.019856
 0.762012
-0.975313
-0.183368
-0.123051
-0.092754
-0.761754
 0.641192
 0.589300
-0.615291
 0.523587
 0.441451
-0.865652
 0.236150
 0.272952
-0.504702
 0.819007
-0.635439
-0.736610
 0.231566
 0.343859
 0.859048
 0.379206
 0.209447
-0.916189
 0.341656
-0.431239
-0.846234
 0.312922
 0.238483
 0.379724
 0.893832
-0.915893
 0.369008
-0.158027
-0.431515
-0.898494
 0.080646
-0.632172
-0.774809
-0.005381
-0.050035
-0.199852
 0.978548
-0.261095
-0.070861
 0.962709
-0.874816
 0.472996
 0.104749
 0.788310
 0.347915
-0.507467
-0.966270
 0.251969
 0.053231
-0.598588
 0.690880
 0.405434
