112
-0.709460
 0.012066
 0.704643
 0.135896
-0.620790
 0.772109
 0.825207
 0.533834
 0.184540
-0.795102
-0.176393
 0.580257
-0.950507
 0.273572
 0.147293
-0.262830
 0.751240
 0.605442
 0.257674
-0.011975
 0.966158
 0.510212
-0.712197
 0.482140
-0.724884
 0.672759
 0.148116
 0.912894
 0.315280
 0.259275
 0.514605
 0.381285
 0.767986
 0.727951
-0.521997
 0.444529
-0.997048
 0.076726
 0.002714
 0.449620
-0.851201
 0.270737
-0.217741
 0.946721
-0.237292
-0.417842
 0.811115
 0.409268
-0.242571
-0.036221
 0.969457
-0.336031
 0.177487
 0.924977
-0.583067
-0.725193
 0.366235
 0.900095
 0.142227
 0.411825
-0.807746
-0.392492
 0.439883
-0.866316
 0.049072
 0.497080
-0.879356
 0.274817
 0.388856
-0.884042
 0.466810
 0.023645
-0.674494
-0.390662
 0.626452
 0.689375
-0.103706
 0.716943
 0.094874
 0.913710
 0.395136
-0.170032
 0.884720
 0.434004
 0.757929
-0.647064
 0.082770
 0.031531
-0.913632
 0.405317
-0.309707
 0.927253
 0.210436
 0.559081
-0.303127
 0.771714
 0.319817
 0.860955
 0.395569
 0.611298
 0.532161
 0.585764
-0.194679
 0.425594
 0.883725
 0.653011
-0.698581
 0.292509
 0.785318
 0.096932
 0.611457
 0.101024
-0.213382
 0.971732
-0.439881
-0.867503
 0.232259
 0.738127
-0.320752
 0.593537
-0.818498
-0.570611
 0.066813
 0.359483
-0.237471
 0.902430
 0.335557
-0.687062
 0.644475
-0.213954
-0.916537
 0.337910
-0.354999
-0.646926
 0.674880
-0.032945
-0.984213
 0.173895
-0.686507
-0.718889
-0.109117
 0.200190
-0.415161
 0.887449
 0.391924
 0.191931
 0.899754
-0.981789
-0.149744
 0.116904
 0.679802
 0.638024
 0.361656
 0.285601
 0.418395
 0.862193
-0.584277
 0.809504
-0.057657
 0.150958
 0.215303
 0.964809
 0.387818
 0.591977
 0.706513
-0.584267
 0.195603
 0.787636
 0.933704
 0.357394
 0.021584
-0.032436
-0.459797
 0.887431
 0.522246
 0.811248
 0.262936
-0.900664
-0.377421
 0.215309
-0.378849
 0.924945
-0.030832
-0.487103
-0.015283
 0.873211
-0.381823
-0.244865
 0.891208
-0.983076
-0.120570
-0.137928
 0.797384
 0.423718
 0.429700
-0.299483
-0.937578
-0.176797
-0.348567
 0.576802
 0.738783
-0.425544
 0.370335
 0.825690
-0.511918
 0.643037
 0.569599
 0.875714
-0.301378
 0.377222
-0.382666
-0.788062
 0.482208
-0.832926
 0.486609
 0.263525
 0.843321
-0.484542
 0.232443
 0.962956
-0.057594
-0.263435
 0.957836
-0.073358
 0.277792
-0.263828
-0.468205
 0.843314
-0.734941
 0.476868
 0.482140
-0.068544
 0.969301
 0.236131
 0.480552
 0.716700
 0.505381
 0.496258
-0.047006
 0.866902
 0.088225
-0.788417
 0.608781
-0.651134
-0.747779
 0.129810
-0.099395
 0.216294
 0.971256
-0.597272
 0.437778
 0.672024
 0.917144
 0.168286
-0.361285
 0.000000
 0.000000
 1.000000
 0.719231
 0.316362
 0.618564
-0.638906
 0.674764
 0.369449
 0.607840
 0.148753
 0.780002
-0.004759
 0.796211
 0.605000
 0.143661
 0.620832
 0.770668
-0.580778
-0.594138
 0.556503
 0.855121
-0.105425
 0.507596
 0.043473
 0.433634
 0.900040
-0.140245
-0.252043
 0.957500
-0.602597
-0.205050
 0.771253
-0.271874
-0.958399
 0.086923
 0.393309
-0.490606
 0.777569
-0.098398
 0.631087
 0.769446
 0.097330
 0.992072
 0.079495
-0.481928
-0.442770
 0.756109
-0.755658
 0.248923
 0.605821
 0.575063
-0.523828
 0.628417
-0.148006
 0.988986
-0.000279
 0.488766
 0.872162
 0.020993
 0.281287
-0.843873
 0.456899
-0.113878
-0.658130
 0.744242
-0.531089
 0.827237
 0.183368
 0.952682
-0.275387
 0.128681
-0.154783
-0.812497
 0.562042
 0.233712
 0.766269
 0.598506
-0.754443
-0.577340
 0.312240
