67
 0.317637
 0.442274
 0.838749
-0.849332
-0.085926
 0.520818
 0.172297
 0.187230
 0.967088
-0.812030
 0.237130
 0.533269
-0.036417
-0.992662
 0.115304
 0.937603
 0.159011
 0.309220
 0.847487
-0.101735
 0.520976
-0.423868
-0.129491
 0.896420
-0.281093
-0.762496
 0.582741
-0.760362
-0.421726
 0.493960
-0.562359
-0.660399
 0.497620
 0.059769
 0.974510
 0.216237
 0.532808
-0.796335
 0.286299
-0.182366
-0.294414
 0.938117
 0.360629
 0.694556
 0.622526
 0.051750
-0.727669
 0.683974
 0.527281
-0.849672
-0.005697
-0.212257
 0.894780
 0.392830
-0.323703
-0.895439
 0.305621
-0.648645
 0.075837
 0.757304
-0.020148
-0.904853
 0.425246
-0.807626
-0.548734
 0.215942
-0.160576
 0.736564
 0.657030
 0.608971
 0.691374
 0.388789
 0.296908
-0.810142
 0.505485
 0.608542
-0.611151
 0.506132
-0.303007
 0.498676
 0.812101
-0.654211
-0.239455
 0.717405
 0.241860
-0.965874
-0.092686
 0.252992
-0.942078
 0.220191
 0.960217
-0.151645
 0.234494
 0.938324
 0.342940
 0.044055
 0.749387
-0.648263
-0.134811
-0.133208
 0.037626
 0.990374
 0.110554
-0.162880
 0.980433
-0.887420
 0.383659
 0.255523
 0.570765
 0.815779
 0.093449
 0.768473
-0.616979
 0.169664
 0.369721
-0.590993
 0.716962
-0.930385
 0.365088
-0.033082
-0.189909
-0.565571
 0.802536
-0.453758
 0.675898
 0.580746
-0.587100
 0.391177
 0.708727
 0.351245
 0.875159
 0.332751
 0.830102
-0.403780
 0.384569
 0.536545
 0.236778
 0.809972
-0.594974
-0.775441
 0.211419
-0.065176
 0.360860
 0.930340
 0.112134
-0.465838
 0.877736
-0.999576
-0.028807
 0.004191
-0.315475
-0.948922
-0.004622
 0.100032
 0.848008
 0.520458
 0.650611
-0.059055
 0.757111
 0.385669
-0.017099
 0.922479
 0.656407
-0.355616
 0.665332
-0.469371
-0.473257
 0.745465
-0.506338
 0.806431
 0.305435
 0.604214
 0.487827
 0.630040
 0.077453
 0.610754
 0.788023
 0.787944
 0.608906
 0.091532
 0.779666
 0.211016
 0.589571
-0.704219
 0.552831
 0.445481
-0.384157
 0.199442
 0.901469
-0.932572
-0.249715
 0.260678
 0.816668
 0.447074
 0.364937
 0.404433
-0.316817
 0.857940
-0.959215
 0.088990
 0.268305
