31
 0.204365
 0.723592
 0.659280
 0.156581
 0.952862
 0.259878
 0.502093
 0.845243
-0.182942
-0.462199
 0.146202
 0.874641
-0.828951
-0.557577
 0.044144
 0.759598
-0.365808
 0.537769
-0.461678
-0.305697
 0.832708
 0.293945
 0.300853
 0.907239
-0.744891
-0.458029
 0.485125
-0.053573
-0.007571
 0.998535
-0.801661
 0.004602
 0.597761
 0.906689
-0.326546
-0.266990
-0.634552
 0.733992
 0.242072
 0.898661
 0.303062
 0.317116
 0.386692
-0.157930
 0.908585
-0.147760
 0.482285
 0.863463
-0.282948
 0.955956
 0.078033
 0.077351
 0.977208
-0.197689
 0.415644
-0.565839
 0.712086
-0.367403
-0.708805
 0.602171
 0.809329
-0.571428
 0.135854
-0.024719
-0.459890
 0.887632
 0.971604
-0.128709
 0.198542
 0.605429
 0.490255
 0.626981
-0.247787
 0.807881
 0.534723
 0.072291
-0.816662
 0.572570
 0.474533
-0.823107
 0.311951
 0.728476
 0.053702
 0.682963
-0.610171
 0.488179
 0.623997
 0.973963
 0.137190
-0.180485
 0.571718
 0.771067
 0.280348
