75
-0.352631
-0.561433
 0.748628
-0.374110
-0.926709
 0.035378
-0.961478
-0.227706
 0.153980
 0.427431
-0.593109
 0.682294
-0.281127
 0.869375
 0.406393
 0.321475
 0.836461
 0.443832
-0.463292
-0.312069
 0.829442
 0.111170
-0.263922
 0.958116
 0.419366
-0.299479
 0.856997
 0.209318
 0.956801
 0.201789
-0.158145
 0.272300
 0.949127
-0.797216
-0.401470
-0.450854
 0.596501
 0.422743
 0.682257
 0.724351
-0.658694
 0.203564
 0.015491
 0.892463
 0.450854
 0.471533
 0.212443
 0.855876
-0.318919
 0.506918
 0.800828
 0.801219
-0.130176
 0.584040
-0.163985
-0.778869
 0.605370
 0.121806
 0.720894
 0.682257
 0.641660
-0.373791
 0.669741
-0.970788
 0.054989
 0.233555
-0.672349
-0.739389
 0.035378
-0.715882
-0.609791
 0.340099
 0.330354
-0.815804
 0.474688
 0.889668
-0.439263
 0.124653
 0.465160
-0.665224
-0.584040
-0.554995
 0.767867
 0.319938
 0.513248
 0.817158
-0.262354
-0.719319
-0.212505
 0.661379
 0.990183
 0.085524
 0.110559
-0.719874
 0.127501
 0.682294
 0.595115
-0.067177
 0.800828
 0.613907
 0.652787
 0.443832
-0.471059
 0.850621
-0.233555
-0.845127
 0.262590
 0.465626
 0.204014
-0.507568
 0.837110
-0.982331
 0.185407
-0.025489
-0.860019
-0.500764
 0.097991
 0.771010
 0.604007
 0.201789
-0.212363
 0.964983
-0.153980
-0.238465
-0.909652
 0.340099
 0.052957
-0.914790
 0.400443
-0.352906
 0.929104
 0.110559
 0.000000
 0.000000
 1.000000
-0.726625
 0.541864
 0.422373
 0.932688
-0.166532
 0.319938
 0.120907
-0.740243
 0.661379
-0.451867
 0.247733
 0.856997
-0.630410
-0.485912
 0.605370
-0.185402
-0.295183
 0.937280
-0.453111
-0.721412
 0.523694
-0.615330
 0.415712
 0.669741
 0.920024
 0.354645
 0.166680
 0.405728
 0.645972
 0.646611
 0.734680
 0.161285
 0.658963
 0.603506
-0.647282
 0.465626
-0.079950
-0.552842
 0.829442
 0.905211
 0.124248
 0.406393
-0.286015
-0.014454
 0.958116
 0.291940
 0.464806
 0.835898
 0.519710
 0.827445
 0.212688
 0.077666
 0.992152
-0.097991
 0.154912
 0.246641
 0.956645
 0.803625
-0.419271
 0.422373
-0.593554
 0.804391
 0.025489
 0.907879
-0.366493
-0.203564
-0.013373
 0.517007
 0.855876
 0.313959
-0.024224
 0.949127
-0.847049
-0.349506
 0.400443
-0.781995
 0.610692
 0.124653
-0.878329
-0.056642
 0.474688
-0.173717
 0.731840
 0.658963
 0.080015
-0.982759
-0.166680
-0.545809
-0.036612
 0.837110
