19
-0.506190
-0.182434
 0.842905
-0.353038
-0.682139
 0.640352
 0.416262
 0.804302
 0.424057
-0.364266
-0.916701
 0.164226
 0.265893
-0.875818
 0.402794
-0.788937
-0.296829
-0.538025
-0.635112
 0.742750
 0.212027
-0.853341
-0.307549
 0.420979
 0.000000
 0.000000
 1.000000
-0.170383
 0.527122
-0.832533
 0.617996
-0.195486
 0.761490
-0.126832
 0.982490
 0.136478
 0.755313
-0.565523
 0.331189
-0.890859
 0.267459
 0.367200
 0.987215
-0.062418
 0.146668
 0.317816
 0.401218
 0.859079
-0.500303
 0.374591
 0.780627
 0.131853
-0.737897
-0.661909
-0.813935
-0.580022
-0.032945
