71
-0.237232
-0.434598
 0.868819
 0.925021
-0.046467
 0.377062
-0.623051
-0.748151
 0.228205
-0.763643
-0.644402
-0.039950
-0.627166
-0.589647
 0.508900
 0.626948
 0.696147
 0.349736
-0.377969
-0.808529
 0.451022
 0.413352
-0.436620
 0.799064
-0.635981
-0.171910
-0.752313
-0.195374
 0.078648
 0.977570
 0.172595
 0.798800
 0.576306
-0.836589
 0.003710
 0.547819
 0.490691
-0.662234
 0.566276
-0.706667
 0.611619
-0.355730
 0.268016
-0.198439
 0.942756
-0.367488
-0.912757
 0.178402
 0.494805
-0.820738
 0.285581
-0.956870
 0.075733
 0.280470
 0.423657
 0.414067
 0.805645
-0.972735
 0.195551
-0.124685
-0.654653
 0.547333
 0.521398
 0.367707
 0.863828
 0.344373
 0.997433
 0.067619
-0.023562
 0.852443
-0.343659
 0.394005
 0.388250
 0.118823
 0.913862
-0.839948
 0.324036
 0.435303
-0.286392
 0.906302
 0.310800
-0.154186
 0.616159
 0.772382
-0.063527
-0.206550
 0.976372
 0.825931
 0.215863
 0.520807
-0.812209
-0.512991
 0.277771
-0.409927
 0.716178
 0.564844
 0.226566
-0.951331
 0.208893
-0.177766
 0.364900
 0.913918
-0.681855
 0.257483
 0.684672
-0.856609
 0.504149
-0.109793
 0.103191
 0.059261
 0.992895
-0.386083
-0.155965
 0.909183
 0.222553
-0.847523
 0.481845
-0.925340
-0.228220
 0.302757
-0.665478
 0.401600
-0.629171
-0.460813
 0.173957
 0.870282
 0.103300
-0.992530
-0.064906
 0.081495
 0.868377
-0.489163
 0.129235
 0.344965
 0.929676
 0.439136
 0.661044
 0.608424
-0.223298
-0.971323
-0.081669
-0.674205
 0.737768
-0.033851
 0.219195
-0.667398
 0.711711
-0.772370
-0.308235
 0.555371
 0.152815
 0.596224
 0.788140
 0.547974
-0.145367
 0.823767
 0.769829
-0.100602
 0.630272
 0.374860
 0.628824
-0.681220
 0.074174
 0.974348
-0.212473
-0.564281
 0.773499
 0.288594
 0.044396
 0.943433
 0.328577
-0.921173
-0.388710
 0.018544
-0.425498
 0.904480
 0.029470
 0.089366
-0.455806
 0.885582
-0.545513
-0.374357
 0.749848
-0.533367
-0.842216
-0.078686
-0.446624
 0.470578
 0.760976
-0.081657
-0.686126
 0.722885
-0.643255
-0.068015
 0.762625
-0.125970
 0.818188
 0.560982
-0.782325
 0.581925
 0.222106
 0.663183
 0.461760
 0.589038
 0.949374
 0.213024
 0.230889
-0.932518
 0.335223
 0.134297
 0.824093
 0.477613
 0.304559
