94
 0.758827
 0.029781
 0.650611
-0.066061
 0.937111
 0.342723
 0.062325
-0.015840
 0.997930
-0.072117
 0.819955
 0.567867
 0.114964
-0.968610
 0.220406
 0.314155
-0.526638
 0.789911
 0.034085
 0.660594
 0.749969
 0.177710
 0.825785
 0.535256
-0.847119
-0.233710
 0.477251
-0.104334
 0.993040
 0.054640
 0.463934
 0.721627
 0.513829
-0.877992
 0.049230
 0.476136
 0.140302
 0.987784
-0.067813
 0.459289
-0.303239
 0.834925
-0.952350
 0.188947
 0.239435
 0.213865
 0.210751
 0.953858
 0.561149
 0.787445
 0.255034
 0.752367
 0.642212
 0.146653
-0.316797
 0.829459
 0.460040
 0.759871
-0.589042
 0.275002
-0.728106
-0.084945
 0.680181
-0.732299
 0.170595
 0.659269
-0.333435
-0.210484
 0.918977
-0.999138
 0.040678
 0.008299
 0.458745
 0.174114
 0.871342
-0.587717
-0.752361
 0.297559
 0.856700
-0.168922
 0.487370
 0.163849
-0.874185
 0.457115
-0.544961
 0.255231
 0.798670
-0.064920
-0.243000
 0.967851
-0.716569
 0.580329
 0.386971
-0.048571
 0.242988
 0.968813
 0.339597
-0.936316
 0.089371
-0.771226
-0.620823
 0.140672
 0.379847
 0.921767
 0.077857
-0.412511
 0.481886
 0.773060
 0.298095
 0.642928
 0.705537
 0.643285
 0.257911
 0.720879
-0.250780
 0.673041
 0.695791
 0.963847
-0.088735
 0.251249
-0.324915
-0.681834
 0.655388
-0.895578
 0.348483
-0.276584
-0.356550
-0.825257
 0.437977
-0.311101
 0.252566
 0.916202
 0.685400
-0.257779
 0.681012
 0.958967
 0.087222
-0.269768
-0.500418
 0.654243
 0.567052
-0.559377
-0.232523
 0.795632
-0.309544
 0.927531
 0.209449
-0.974965
-0.218006
 0.043777
 0.063093
-0.481063
 0.874413
 0.586268
-0.681014
 0.438760
 0.376538
-0.722792
 0.579475
-0.214664
 0.013769
 0.976591
 0.575069
-0.055641
 0.816211
-0.496250
 0.016278
 0.868027
-0.557023
-0.631818
 0.539010
-0.832613
 0.326276
 0.447548
 0.390686
 0.422240
 0.817971
 0.130486
 0.455006
 0.880876
-0.224273
-0.445742
 0.866611
-0.719002
 0.684457
 0.120642
 0.888296
 0.114899
 0.444666
 0.892075
 0.451004
 0.028241
-0.087905
-0.828399
 0.553198
 0.570048
 0.510597
 0.643689
-0.598399
-0.800765
 0.026327
-0.458873
-0.471769
 0.752907
-0.687327
-0.386523
 0.614965
-0.522869
 0.849761
 0.067187
-0.751592
-0.527889
 0.395528
-0.542102
 0.775637
 0.323284
 0.134095
 0.970176
 0.201933
 0.208436
-0.278804
 0.937456
 0.613716
-0.773269
 0.159399
 0.960929
 0.181963
 0.208580
 0.381358
 0.905375
-0.186714
-0.778914
-0.344756
-0.523866
-0.147642
 0.478220
 0.865741
-0.652151
 0.440804
 0.616759
-0.954661
 0.296959
-0.020918
 0.840466
-0.539812
 0.047121
-0.869197
 0.449538
 0.205941
-0.096307
-0.648038
 0.755495
 0.329278
-0.054176
 0.942677
 0.326170
 0.880458
 0.344104
 0.143583
-0.714049
 0.685213
 0.691072
 0.592768
 0.413575
 0.549691
-0.510313
 0.661378
 0.862957
 0.413873
 0.289853
-0.893864
-0.373271
 0.248346
-0.127132
-0.937072
 0.325166
 0.750481
-0.436693
 0.496062
 0.402156
-0.855170
 0.327039
