24
 0.132723
 0.739879
-0.659517
-0.918278
-0.379929
 0.111440
-0.965426
 0.153303
 0.210835
 0.608607
-0.784469
 0.119187
 0.639150
 0.437609
 0.632444
 0.789542
 0.209334
-0.576891
 0.135008
-0.362540
 0.922138
 0.344276
 0.093474
 0.934204
 0.682349
 0.706470
 0.187884
 0.141671
 0.550473
 0.822745
 0.699577
-0.167742
 0.694590
-0.591356
-0.690452
 0.416621
 0.935168
 0.136207
 0.326968
 0.644819
-0.248547
-0.722795
-0.727042
 0.600675
 0.332565
-0.156172
 0.940576
-0.301540
-0.196180
 0.149388
 0.969121
 0.293367
 0.952754
-0.078708
 0.467415
-0.628758
 0.621439
 0.242627
 0.862959
 0.443209
-0.321942
 0.668161
 0.670756
 0.229728
-0.943726
-0.237921
-0.391999
-0.321717
 0.861879
 0.887686
-0.387799
 0.248245
