132
-0.095450
-0.226704
 0.969275
 0.492696
-0.859472
 0.136228
-0.806069
-0.070207
 0.587642
-0.807236
-0.577833
 0.120329
-0.800708
 0.308696
 0.513394
-0.127387
 0.172737
 0.976696
 0.292944
-0.939365
 0.178259
 0.504156
 0.740376
 0.444601
 0.172478
 0.136439
 0.975518
 0.667320
 0.559298
 0.491802
-0.810418
 0.466847
 0.353945
-0.777356
 0.603650
 0.176988
 0.999948
-0.002223
 0.009914
-0.315757
-0.940110
-0.128413
 0.661031
-0.224285
 0.716055
 0.149054
-0.831770
 0.534734
 0.511574
-0.787082
 0.344666
-0.646810
-0.757650
-0.087198
 0.481768
-0.378095
 0.790534
 0.683998
-0.666404
 0.296736
-0.185822
-0.623644
 0.759301
 0.582885
-0.632608
 0.509953
 0.381108
-0.741891
 0.551683
-0.367571
 0.144602
 0.918685
 0.075359
-0.992835
 0.092736
-0.500468
 0.697996
 0.512185
-0.690491
-0.266263
 0.672552
-0.718229
-0.454802
 0.526595
 0.794593
 0.346931
 0.498259
 0.440980
 0.433175
 0.786064
-0.274968
-0.892239
 0.358193
 0.296383
 0.609094
 0.735637
 0.122921
-0.177697
 0.976378
 0.294171
-0.046986
 0.954597
-0.112335
 0.664265
 0.739008
 0.465722
 0.063812
 0.882628
 0.795745
-0.275792
 0.539192
 0.647897
 0.004296
 0.761715
 0.924413
-0.369404
 0.094878
 0.492649
 0.601825
 0.628572
 0.971248
-0.159819
 0.176452
 0.898599
-0.419121
-0.129838
 0.101470
-0.940938
 0.323017
-0.019556
-0.751174
 0.659814
 0.634548
-0.439369
 0.635849
-0.499737
 0.538357
 0.678554
 0.306488
-0.289254
 0.906861
 0.037985
-0.584970
 0.810165
 0.213991
-0.682901
 0.698466
 0.670389
 0.679648
 0.297754
 0.268051
-0.500086
 0.823446
 0.910864
 0.272436
 0.310008
 0.315626
 0.875985
 0.364734
-0.743408
 0.134966
 0.655079
-0.794197
-0.599486
-0.099335
-0.089385
 0.924544
 0.370445
 0.350209
 0.246699
 0.903600
 0.083729
-0.392067
 0.916118
-0.884287
 0.101990
 0.455668
-0.070360
 0.986271
 0.149395
 0.125381
 0.957833
 0.258524
-0.314459
 0.701062
 0.640022
 0.223448
 0.419762
 0.879699
-0.657441
 0.663998
 0.356200
-0.044404
-0.309855
-0.949746
-0.476660
-0.844442
 0.244362
-0.354984
-0.457861
 0.815077
-0.900496
-0.413928
-0.133309
 0.491243
-0.159053
 0.856378
 0.825231
-0.511306
 0.239915
-0.569796
 0.147343
 0.808469
-0.104302
 0.815584
 0.569161
-0.287845
 0.923501
 0.253558
 0.751231
-0.483214
 0.449619
 0.908083
-0.103054
 0.405913
-0.658487
-0.741413
 0.129236
-0.233665
-0.038993
 0.971535
-0.461714
 0.350600
 0.814800
 0.102123
 0.745369
 0.658783
-0.433509
-0.773479
 0.462384
-0.105043
-0.967506
 0.229995
 0.568874
 0.238392
 0.787116
 0.973993
 0.168831
-0.151105
 0.812686
-0.581619
 0.035503
-0.974710
 0.213733
 0.065253
-0.391022
-0.635676
 0.665596
-0.140826
-0.437066
 0.888336
-0.667293
 0.739500
-0.088660
-0.635471
 0.761233
 0.129236
-0.086574
 0.470402
 0.878195
 0.312304
 0.763285
 0.565564
-0.915837
 0.266146
 0.300681
-0.828994
-0.272958
 0.488122
-0.487876
 0.816644
 0.308333
 0.124224
 0.992098
 0.017619
-0.234873
-0.780962
 0.578735
-0.301842
 0.531161
 0.791682
 0.795858
-0.054238
 0.603050
-0.513386
-0.265006
 0.816215
 0.741576
 0.181210
 0.645932
-0.893287
-0.342378
 0.291231
 0.889633
-0.314235
 0.331376
 0.807160
 0.494409
 0.322571
 0.484530
 0.874673
-0.013347
-0.305815
 0.834597
 0.458176
 0.966656
 0.056228
 0.249829
 0.111744
 0.873341
 0.474119
-0.454266
-0.059580
 0.888872
 0.636234
 0.406810
 0.655524
-0.463178
 0.882460
 0.082037
 0.088982
 0.577764
 0.811339
-0.922542
-0.108289
 0.370390
-0.265669
 0.963425
 0.035096
 0.974631
 0.209673
 0.078308
-0.644937
 0.343142
 0.682869
-0.550973
-0.456704
 0.698463
 0.917233
 0.389814
-0.082026
 0.439773
-0.575647
 0.689370
-0.671677
 0.516012
 0.531584
-0.254164
 0.336456
 0.906751
-0.781377
-0.529422
 0.330396
-0.634405
-0.694862
 0.338669
-0.310947
-0.255063
 0.915563
 0.972484
-0.055356
-0.226299
 0.312796
-0.869573
 0.382100
-0.301900
-0.945532
 0.121759
 0.875257
 0.117787
 0.469096
-0.576268
-0.617966
 0.534821
-0.069179
-0.883944
 0.462447
 0.000000
-0.000000
 1.000000
-0.646236
-0.061119
 0.760686
 0.493887
 0.837653
 0.233266
