89
 0.394237
 0.801920
 0.448890
 0.871911
 0.189679
 0.451435
 0.053024
-0.995932
 0.072862
 0.483488
 0.229926
 0.844615
 0.829289
-0.050835
 0.556502
 0.771800
-0.460856
 0.438105
 0.591275
 0.776111
 0.219192
-0.756801
 0.126552
 0.641278
-0.201887
 0.560163
 0.803405
 0.619880
 0.730437
-0.286724
-0.168336
-0.846191
 0.505592
-0.116245
-0.903202
-0.413174
 0.711879
 0.202713
 0.672411
-0.762301
-0.141751
 0.631509
 0.351663
-0.836616
 0.420009
 0.606121
 0.642441
 0.468922
-0.756047
 0.615616
-0.222281
-0.414288
-0.264373
 0.870903
-0.421374
 0.832314
 0.360135
-0.429410
-0.540015
 0.723872
 0.768953
 0.434173
 0.469260
-0.547780
 0.228059
 0.804939
 0.631140
-0.031582
 0.775026
 0.343761
 0.914513
 0.213295
 0.836417
-0.541540
-0.084503
-0.134618
-0.954266
 0.266936
 0.112429
-0.925745
 0.361048
-0.698454
 0.385355
 0.603046
 0.307140
-0.941433
 0.139175
 0.061947
-0.601037
 0.796817
-0.208555
-0.450214
 0.868224
-0.904145
-0.056486
 0.423476
-0.937562
-0.261819
 0.228970
-0.988020
-0.152913
-0.020832
 0.195940
 0.192148
 0.961606
-0.587929
 0.622512
 0.516545
 0.515324
-0.274835
 0.811731
 0.295534
 0.425349
 0.855417
-0.055594
-0.983034
-0.174793
 0.580283
 0.438921
 0.686017
-0.426158
-0.735575
 0.526611
-0.465319
 0.488385
 0.738213
-0.617866
-0.353363
 0.702407
 0.806002
 0.530440
-0.262667
 0.536820
-0.816259
 0.213412
-0.582758
-0.053934
 0.810854
 0.033522
-0.360603
 0.932117
 0.557063
-0.506248
 0.658326
-0.938712
 0.306973
 0.156805
-0.799786
 0.481031
 0.359098
-0.653839
 0.706678
 0.270372
 0.159317
-0.897038
-0.412239
 0.725110
-0.280019
 0.629131
 0.917651
 0.328693
 0.223332
-0.222682
 0.962237
 0.156568
-0.904484
 0.401171
-0.144813
 0.962981
 0.022129
 0.268660
 0.582528
-0.675529
 0.452019
-0.982113
 0.033148
 0.185353
-0.644673
-0.565551
 0.514343
 0.082897
 0.586824
 0.805460
-0.298353
 0.315237
 0.900895
-0.013538
 0.371138
 0.928479
-0.348268
 0.718260
 0.602339
-0.172465
-0.169514
 0.970320
 0.388813
-0.006817
 0.921291
 0.088866
-0.063521
 0.994016
-0.185534
-0.678776
 0.710521
 0.515373
 0.856242
-0.035215
-0.255901
-0.966218
 0.030625
-0.088448
 0.764513
 0.638511
 0.086338
-0.793288
 0.602694
 0.309187
-0.489053
 0.815617
 0.675833
-0.737042
-0.004391
-0.986037
 0.151360
-0.069438
-0.902983
 0.232657
-0.361238
-0.360902
 0.035306
 0.931935
-0.895582
-0.444529
 0.018098
 0.336776
-0.688759
 0.642022
-0.466487
 0.880145
 0.087941
 0.273591
-0.247529
 0.929450
-0.179289
-0.759922
-0.624799
 0.784406
 0.577250
 0.226914
-0.882708
 0.221388
 0.414504
-0.105113
 0.121822
 0.986970
-0.392389
-0.873400
 0.288450
-0.814075
-0.348567
 0.464525
 0.392515
 0.616705
 0.682354
 0.731864
 0.680939
-0.026395
