130
 0.776960
 0.156761
 0.609721
-0.689703
-0.534667
 0.488304
 0.251783
 0.790779
 0.557919
-0.028613
 0.578419
 0.815238
 0.952520
 0.136821
 0.272004
-0.780406
 0.418162
 0.464873
 0.140386
-0.573782
 0.806887
 0.682564
-0.291601
 0.670131
-0.747007
-0.662685
 0.053189
-0.505280
-0.616725
 0.603608
-0.912390
 0.272626
 0.305318
-0.107395
 0.385920
 0.916260
 0.838974
-0.204691
 0.504207
 0.638897
 0.296906
 0.709688
 0.857430
 0.274017
 0.435578
 0.353900
-0.177517
 0.918282
-0.414429
 0.644795
 0.642252
 0.747890
-0.069688
 0.660155
 0.970961
 0.231452
 0.060528
 0.125939
-0.212152
 0.969088
-0.940017
 0.045091
 0.338136
-0.199074
-0.484159
 0.852032
-0.535160
 0.814775
 0.223039
-0.841397
 0.194038
 0.504381
-0.586170
 0.004538
 0.810175
 0.949148
-0.102942
 0.297524
 0.886632
-0.328356
 0.325679
-0.551677
 0.235572
 0.800099
-0.984320
 0.131740
 0.117296
-0.315573
-0.306368
 0.898083
-0.432856
-0.900713
 0.036757
-0.572090
 0.820029
-0.016284
-0.222621
-0.058008
 0.973178
 0.626661
 0.719344
 0.299734
-0.191759
 0.693992
 0.693977
-0.191172
 0.977835
-0.085394
-0.228583
-0.963383
 0.140154
 0.598808
 0.618585
 0.508705
-0.613026
 0.551071
 0.566144
-0.836155
-0.405775
 0.369040
 0.276784
 0.902963
 0.328708
-0.832830
 0.488017
 0.261215
-0.316056
 0.805724
 0.500916
-0.688601
 0.629772
 0.359466
-0.549616
-0.731774
 0.403025
 0.021998
-0.896986
 0.441511
 0.265003
-0.693593
 0.669852
 0.586421
-0.499388
 0.637748
 0.755448
-0.430664
 0.493788
-0.729802
 0.106052
 0.675382
-0.360263
-0.786424
 0.501745
 0.257245
-0.385126
 0.886286
-0.257815
-0.961472
-0.095405
 0.529548
 0.487270
 0.694368
 0.466782
 0.264429
 0.843915
 0.514020
-0.737083
-0.438740
-0.400605
-0.873447
 0.276778
 0.378390
-0.923459
-0.063591
 0.894624
 0.374483
 0.243741
 0.632207
-0.637163
 0.440837
-0.705744
-0.145776
 0.693308
-0.631768
-0.409718
 0.658028
 0.883431
 0.023830
 0.467955
-0.968093
 0.225533
-0.109231
 0.985929
 0.087524
-0.142421
 0.769034
 0.525767
 0.363533
 0.242972
-0.833003
 0.497061
 0.057869
 0.741393
 0.668571
 0.067298
 0.972480
 0.223054
 0.218074
-0.929106
 0.298674
 0.566745
-0.135109
 0.812739
-0.586269
-0.792338
 0.168785
 0.087889
 0.891474
 0.444465
 0.212752
 0.012680
 0.977024
-0.074117
-0.640574
 0.764311
-0.914322
-0.183567
 0.360997
 0.049753
 0.209251
 0.976596
 0.734149
-0.670741
 0.105510
 0.207747
 0.612908
 0.762355
-0.844203
-0.045247
 0.534110
-0.104735
-0.249175
 0.962779
-0.426914
-0.473261
 0.770564
 0.891050
 0.452185
 0.039494
-0.172246
 0.170294
 0.970222
-0.339041
 0.327617
 0.881883
 0.598681
-0.761071
 0.249702
-0.129561
 0.928885
 0.346968
-0.342851
 0.893081
 0.291307
-0.195445
-0.908743
 0.368764
 0.266075
 0.238123
 0.934078
 0.424161
 0.042683
 0.904580
-0.939969
-0.301153
 0.160513
-0.492610
 0.452194
 0.743543
-0.996568
-0.002719
-0.082733
-0.847710
-0.502160
 0.170951
-0.008008
-0.973805
 0.227244
 0.488138
-0.341126
 0.803340
-0.390406
 0.112189
 0.913782
 0.124799
 0.424134
 0.896959
-0.271737
 0.524077
 0.807157
-0.296378
-0.652665
 0.697272
 0.016400
-0.423408
 0.905791
-0.101651
 0.831696
 0.545847
 0.886201
-0.442896
 0.135982
-0.422735
-0.114155
 0.899035
 0.618247
 0.080435
 0.781857
 0.057445
-0.768604
 0.637140
-0.154667
-0.799722
 0.580106
 0.455146
 0.866641
 0.204392
 0.613752
 0.785997
 0.074287
 0.448426
 0.781212
 0.434306
-0.006221
-0.018435
 0.999811
 0.433222
-0.816678
 0.381255
 0.723401
 0.419981
 0.548003
-0.160093
 0.978124
 0.132828
 0.776998
 0.608469
 0.161365
 0.399862
 0.653911
 0.642270
 0.776832
-0.555179
 0.297168
 0.344653
 0.452009
 0.822741
-0.684219
 0.335525
 0.647508
 0.386490
-0.529360
 0.755251
 0.409058
-0.897532
 0.164646
-0.542780
-0.267279
 0.796211
-0.700793
 0.698941
 0.142726
-0.788665
-0.284902
 0.544828
-0.833546
 0.550228
 0.049497
 0.038127
 0.999268
-0.003096
-0.933749
 0.347444
 0.085997
-0.715084
-0.635697
 0.290765
 0.459418
-0.684522
 0.566008
