97
 0.480667
 0.584228
 0.653940
 0.683600
 0.454256
 0.571264
-0.386581
 0.290338
 0.875362
 0.994438
-0.058025
 0.087904
 0.681773
-0.730512
 0.039209
 0.976469
 0.198025
 0.085407
-0.330643
 0.900182
 0.283454
 0.057105
 0.338974
 0.939061
-0.626575
-0.107711
 0.771882
-0.793576
 0.049762
 0.606432
 0.926478
-0.180973
 0.329981
 0.943575
 0.094697
 0.317331
 0.063637
 0.075670
 0.995100
-0.362247
 0.579986
 0.729653
-0.160594
-0.358809
 0.919492
-0.204549
-0.881101
 0.426405
 0.516357
-0.848561
-0.115413
 0.799152
 0.597744
 0.063702
 0.948125
-0.306615
 0.083936
 0.716912
 0.186638
 0.671717
-0.917980
-0.390287
 0.070628
-0.586242
 0.594913
 0.549908
-0.369080
 0.767798
 0.523705
-0.183920
 0.452174
 0.872761
-0.171432
 0.181288
 0.968373
-0.572071
 0.744178
 0.344868
 0.184167
-0.663273
 0.725363
 0.288433
-0.957441
-0.010634
 0.533551
 0.083676
 0.841619
 0.128590
 0.929651
 0.345274
-0.044965
 0.994994
-0.089246
 0.618758
 0.765473
 0.176603
 0.842511
-0.534521
 0.066805
 0.266461
-0.927146
 0.263435
 0.691994
-0.662374
 0.287062
 0.847923
-0.004696
 0.530098
 0.027364
 0.581835
 0.812846
-0.899072
 0.402694
 0.171777
-0.746338
 0.314312
 0.586675
 0.891293
 0.394995
 0.222654
 0.483097
-0.776600
 0.404364
-0.889999
-0.310201
 0.334181
-0.773952
 0.491494
 0.399290
 0.840953
-0.436372
 0.319963
 0.308771
 0.222855
 0.924660
 0.242679
 0.668907
 0.702617
 0.979536
 0.120377
-0.161304
 0.749792
 0.568185
 0.339083
 0.031608
-0.933917
 0.356090
 0.559549
 0.707118
 0.432307
 0.444147
-0.647749
 0.618994
 0.302413
-0.028398
 0.952754
-0.532304
-0.581702
 0.615041
 0.176936
 0.980207
 0.088819
 0.388296
 0.883513
 0.261974
 0.042173
-0.188463
 0.981174
-0.193188
-0.086925
 0.977304
-0.354684
-0.491620
 0.795305
-0.917349
-0.038666
 0.396201
-0.081526
 0.979735
 0.182959
 0.203014
 0.963780
-0.172954
-0.087064
-0.602218
 0.793570
-0.891609
 0.229280
 0.390467
-0.647754
-0.756387
 0.091072
-0.750204
 0.633652
 0.188887
-0.417130
 0.024676
 0.908512
-0.132661
 0.886989
 0.442325
 0.488927
-0.857725
 0.158928
 0.665298
-0.544146
 0.511159
 0.275446
-0.281453
 0.919192
-0.976316
 0.144973
 0.160590
-0.802764
-0.554524
 0.219257
 0.841039
 0.288001
 0.457941
-0.612204
 0.153466
 0.775664
-0.738421
-0.466047
 0.487375
 0.287989
 0.459184
 0.840364
 0.095503
-0.457826
 0.883897
-0.790155
-0.217133
 0.573156
-0.598913
-0.357308
 0.716683
 0.697380
-0.098283
 0.709931
 0.374978
-0.479380
 0.793465
 0.526203
 0.345265
 0.777112
 0.242048
-0.822838
 0.514151
-0.638079
-0.682786
 0.355891
 0.502592
-0.191069
 0.843145
-0.429793
-0.769944
 0.471661
-0.428956
-0.903225
-0.013489
 0.328388
 0.803259
 0.496926
-0.407041
-0.242664
 0.880586
 0.601990
-0.384165
 0.700018
-0.553822
 0.410741
 0.724274
-0.153567
 0.716289
 0.680696
-0.011649
-0.798777
 0.601515
 0.066392
 0.809726
 0.583040
 0.791846
-0.287182
 0.538986
-0.265597
-0.707608
 0.654789
-0.442768
-0.865226
 0.235246
