111
 0.504365
 0.022619
 0.863194
 0.392879
-0.918347
 0.047789
 0.875803
-0.482644
 0.004820
 0.796504
 0.217017
 0.564344
 0.050794
 0.887623
 0.457760
-0.939385
 0.097776
 0.328627
-0.697691
 0.384488
 0.604480
-0.290807
-0.941080
 0.172626
 0.259798
 0.004237
 0.965654
 0.579708
-0.813041
-0.053871
-0.000000
 0.000000
 1.000000
 0.723288
 0.517021
-0.457760
 0.682011
-0.642330
 0.349675
-0.965557
-0.123855
 0.228824
-0.214359
-0.429011
 0.877496
-0.410993
 0.882454
 0.228824
-0.391889
 0.786721
 0.476962
 0.376407
-0.207433
 0.902934
-0.555447
 0.606668
 0.568711
 0.469873
-0.752513
 0.461458
-0.113525
-0.217167
 0.969511
-0.276115
 0.431892
 0.858621
-0.512604
 0.002761
 0.858621
 0.135176
-0.221902
 0.965654
 0.779808
-0.429742
 0.455215
-0.168502
 0.793377
 0.584945
 0.308638
 0.626748
 0.715493
-0.268732
-0.913322
-0.305984
-0.272614
-0.765381
 0.582986
-0.852037
 0.469547
 0.231426
 0.098882
-0.908743
 0.405472
 0.907301
-0.233519
 0.349675
 0.580983
-0.576670
 0.574378
 0.721937
 0.022057
 0.691607
 0.293259
 0.797779
 0.526828
 0.996985
-0.055854
-0.053871
 0.733873
-0.670911
 0.106348
-0.723716
-0.035363
 0.689191
-0.599452
-0.216792
 0.770493
 0.335004
-0.886453
 0.319334
-0.501708
 0.423893
 0.754058
-0.194355
 0.910365
 0.365324
 0.240876
 0.968596
 0.061643
-0.149802
 0.214786
 0.965104
 0.887150
 0.004674
 0.461458
 0.665668
 0.618461
 0.417603
-0.517831
-0.674020
 0.526828
-0.839987
-0.542575
 0.005950
-0.261594
 0.011929
 0.965104
-0.809554
 0.145567
 0.568711
 0.241941
-0.789291
 0.564344
-0.365023
-0.595674
 0.715493
 0.959163
-0.262100
 0.106348
 0.385956
 0.221498
 0.895531
 0.473376
 0.439646
 0.763300
-0.058865
-0.973041
 0.222995
-0.760735
-0.281286
 0.584945
-0.210622
 0.970322
 0.118798
-0.735043
 0.661570
 0.148447
-0.402437
 0.221778
 0.888177
 0.918574
 0.364446
 0.152974
 0.027132
 0.970350
 0.240177
 0.932825
 0.340183
-0.118798
-0.029476
 0.406863
 0.913013
 0.248207
 0.410358
 0.877496
-0.599732
-0.466330
 0.650276
 0.850977
-0.468963
 0.236456
 0.018879
-0.444598
 0.895531
 0.611671
 0.233672
 0.755815
-0.010069
-0.999932
-0.005950
 0.874419
 0.088875
-0.476962
 0.663626
-0.365716
 0.652574
 0.797832
-0.183178
 0.574378
-0.690221
-0.720968
 0.061643
 0.821085
 0.401762
 0.405472
-0.854027
 0.315901
 0.413333
 0.485352
 0.793945
 0.366175
-0.012367
-0.796443
 0.604587
-0.439540
-0.389486
 0.809386
-0.873448
-0.321912
 0.365324
 0.791190
 0.569466
 0.222995
 0.928352
 0.190234
 0.319334
-0.628613
-0.714996
 0.305984
 0.073930
 0.756092
 0.650276
-0.504266
-0.855413
 0.118256
 0.453857
 0.883193
 0.118256
 0.366938
-0.622122
 0.691607
 0.976682
-0.033353
 0.212083
-0.136886
 0.622578
 0.770493
-0.359715
-0.192385
 0.913013
 0.501468
 0.639263
 0.582986
 0.468678
-0.413025
 0.780866
 0.549842
-0.807895
 0.212083
-0.666725
-0.435834
-0.604587
 0.122964
 0.211965
 0.969511
 0.723205
-0.553291
-0.413333
-0.626330
 0.197754
 0.754058
-0.167328
-0.893089
 0.417603
 0.986228
 0.158339
 0.047789
 0.129141
-0.641924
 0.755815
 0.951892
-0.268078
-0.148447
 0.250258
-0.438482
 0.863194
 0.805864
 0.541201
-0.240177
-0.411993
-0.834373
 0.366175
 0.094523
 0.579621
 0.809386
-0.584386
 0.741955
 0.328627
-0.182499
 0.971233
-0.152974
 0.599501
-0.175635
 0.780866
 0.640291
 0.748484
 0.172626
-0.356639
 0.630733
 0.689191
-0.118857
-0.635017
 0.763300
