60
 0.654875
 0.355659
 0.666817
 0.271924
 0.933965
 0.231877
-0.118810
 0.110437
 0.986756
-0.326879
 0.866547
 0.377155
-0.394817
-0.108337
 0.912350
 0.906253
-0.349334
 0.238058
 0.566330
-0.470917
 0.676393
-0.558540
 0.665203
 0.495518
 0.648904
 0.611989
 0.452098
-0.435216
 0.497941
 0.750095
-0.060085
 0.972644
 0.224396
 0.290295
-0.619397
 0.729435
-0.008761
-0.548745
 0.835944
 0.098843
 0.637960
 0.763700
-0.162887
-0.917294
 0.363371
 0.095045
-0.821836
 0.561740
-0.214960
 0.721063
 0.658681
 0.741627
 0.039918
 0.669624
-0.847852
-0.200363
 0.490920
-0.943158
 0.304222
 0.133799
-0.215650
-0.732737
 0.645439
-0.060360
-0.223624
 0.972805
 0.814723
 0.561120
 0.146185
 0.265965
-0.335097
 0.903866
 0.441982
-0.764517
 0.469218
-0.566124
 0.807614
-0.165116
 0.716591
-0.584614
 0.380425
 0.331272
-0.943028
-0.030940
 0.465735
 0.168038
 0.868823
-0.480716
-0.789299
 0.381994
 0.961362
 0.253123
 0.108216
 0.920360
-0.003999
 0.391053
 0.393331
 0.915435
-0.085260
 0.852276
 0.324551
 0.410233
 0.571183
 0.799445
 0.186110
 0.535413
-0.167226
 0.827870
-0.442791
 0.203222
 0.873291
-0.143848
 0.431269
 0.890682
 0.893460
 0.414910
-0.171983
-0.795825
 0.511407
 0.324230
 0.399108
 0.523871
 0.752511
 0.806535
-0.590581
 0.026762
-0.691380
-0.710203
 0.132686
-0.973847
-0.080055
 0.212633
-0.052107
-0.996034
 0.072118
-0.696694
 0.034360
 0.716545
-0.626272
-0.286200
 0.725171
 0.994108
-0.072683
 0.080414
-0.738939
-0.519516
 0.429037
-0.702182
 0.353175
 0.618230
-0.505053
-0.581614
 0.637689
 0.371230
 0.770180
 0.518664
 0.050870
 0.858370
 0.510502
 0.170569
 0.325484
 0.930036
-0.312160
-0.422488
 0.850917
-0.887018
 0.152189
 0.435932
-0.605767
 0.776332
 0.174228
 0.215791
-0.937112
 0.274326
 0.210754
-0.013433
 0.977447
 0.787853
-0.274495
 0.551307
