140
 0.080095
-0.572887
 0.815711
 0.114949
-0.177343
 0.977413
 0.207564
-0.819906
 0.533546
-0.260627
-0.856956
 0.444635
 0.758050
 0.643824
 0.104171
 0.345938
-0.860973
 0.372896
-0.652071
-0.574575
 0.494638
-0.297334
 0.267242
 0.916610
-0.262774
-0.118674
 0.957531
 0.865353
-0.251323
 0.433592
-0.853992
 0.492899
 0.166577
-0.302617
-0.323999
 0.896352
-0.435007
 0.607244
 0.664849
-0.617339
 0.571559
 0.540567
-0.872458
 0.339547
 0.351459
 0.485936
 0.767876
 0.417411
-0.832877
 0.190332
 0.519701
-0.782757
-0.551066
 0.289168
-0.014041
 0.584416
 0.811333
 0.072833
 0.945391
 0.317696
 0.698529
-0.609848
 0.374357
-0.870750
 0.037016
-0.490330
-0.410445
 0.065679
 0.909517
-0.597324
 0.038778
 0.801062
 0.642289
-0.389257
 0.660260
 0.720991
-0.673370
-0.163538
 0.043967
-0.989582
 0.137090
-0.334260
 0.924379
 0.183831
 0.322458
 0.635857
 0.701218
 0.993781
 0.017402
 0.109981
-0.959911
-0.234608
-0.153395
 0.192613
-0.980940
-0.025623
-0.820309
 0.522213
-0.233209
-0.975061
 0.209517
-0.073206
 0.282541
-0.943984
 0.170485
 0.880822
 0.328861
 0.340593
-0.938226
-0.105595
-0.329519
-0.887210
-0.227012
 0.401652
 0.450012
 0.866324
 0.216730
-0.789253
-0.410375
 0.456807
 0.523912
 0.273762
 0.806580
 0.536135
-0.748866
 0.389562
-0.089660
-0.233217
 0.968282
-0.147067
-0.781971
 0.605716
-0.108427
-0.948767
 0.296791
 0.762345
 0.397616
 0.510619
 0.307421
-0.261036
 0.915070
-0.229158
 0.610897
 0.757821
 0.671500
-0.717782
 0.184056
 0.000000
-0.000000
 1.000000
 0.953041
-0.111560
 0.281544
-0.281912
 0.759034
 0.586850
-0.702266
-0.703173
 0.111219
-0.497481
-0.358171
 0.790080
 0.610729
 0.441396
 0.657404
 0.283868
 0.889011
 0.359275
-0.936170
-0.349511
 0.037783
 0.388898
 0.921261
 0.006012
-0.507312
-0.546821
 0.666049
-0.166515
-0.984046
 0.062661
 0.096620
-0.383169
 0.918611
-0.471305
 0.741473
 0.477586
 0.836306
 0.183093
 0.516788
-0.464903
-0.149844
 0.872589
 0.305783
 0.781897
 0.543262
-0.960569
-0.089425
 0.263267
 0.408988
-0.718314
 0.562809
 0.124136
 0.712837
 0.690256
-0.327007
-0.688234
 0.647611
-0.637846
-0.720376
-0.272417
 0.428341
-0.903617
 0.001152
-0.639642
-0.178444
 0.747673
 0.095689
 0.851799
 0.515055
-0.527087
-0.838083
 0.140700
-0.756269
 0.011392
 0.654161
-0.376626
 0.446837
 0.811474
 0.395118
 0.127658
 0.909717
-0.627984
 0.695154
 0.349853
-0.743286
 0.388407
 0.544670
-0.443947
-0.828964
 0.340190
-0.946423
 0.289179
 0.143732
 0.655050
 0.594899
 0.465838
 0.908403
-0.336560
 0.248056
 0.451210
-0.099138
 0.886894
-0.116677
 0.877324
 0.465498
-0.766290
 0.528533
 0.365312
 0.057999
-0.740650
 0.669383
 0.768575
-0.431853
 0.472013
 0.747863
 0.011927
 0.663746
 0.133784
-0.933756
 0.331967
-0.902052
-0.357786
 0.241435
-0.686050
 0.223317
 0.692434
-0.839394
-0.537723
 0.079197
 0.593357
-0.580189
 0.557950
 0.905621
-0.422426
 0.037505
-0.939627
 0.132380
 0.315558
 0.783542
 0.536952
 0.312640
-0.519627
 0.824702
 0.223282
 0.788508
-0.614221
 0.031411
-0.613170
 0.789780
 0.016462
-0.008710
-0.877905
 0.478756
-0.309391
-0.927547
 0.209602
-0.016891
-0.995144
-0.096971
-0.505332
 0.252182
 0.825253
 0.253887
-0.021666
 0.966991
-0.629628
-0.708252
 0.319293
 0.985943
 0.151980
-0.069415
 0.070293
 0.384931
 0.920265
 0.152821
 0.170047
 0.973514
-0.477643
-0.715741
 0.509482
-0.991966
 0.073893
 0.102679
 0.234820
 0.959657
 0.154652
-0.662914
-0.387253
 0.640765
-0.155924
 0.433827
 0.887402
-0.198089
 0.073798
 0.977402
-0.880902
-0.017385
 0.472980
-0.574292
 0.422973
 0.700915
-0.593950
-0.801718
-0.066877
 0.500029
 0.627785
 0.596537
-0.129565
-0.628237
 0.767158
 0.297222
 0.322300
 0.898767
-0.134892
 0.956223
 0.259694
 0.287927
-0.467794
 0.835624
 0.589652
 0.060679
 0.805374
-0.322502
-0.516136
 0.793471
 0.485720
-0.332165
 0.808543
-0.064910
 0.234391
 0.969973
 0.455455
-0.533622
 0.712606
 0.697981
 0.233056
 0.677132
-0.782194
-0.203880
 0.588732
-0.326289
 0.863362
 0.384892
 0.879311
 0.454313
 0.142871
 0.261640
-0.656550
 0.707451
 0.426342
 0.461375
 0.778053
 0.760920
-0.213250
 0.612801
 0.200819
 0.519961
 0.830248
 0.621903
-0.163941
 0.765741
-0.079500
 0.752988
 0.653214
 0.493865
-0.847052
 0.196469
-0.114699
-0.444700
 0.888305
