100
-0.347525
-0.619580
 0.703809
 0.302255
-0.336903
 0.891705
 0.810019
-0.424441
 0.404623
-0.600593
 0.332731
 0.727033
-0.434892
-0.384048
 0.814479
-0.256787
 0.030420
 0.965989
 0.913518
 0.162240
-0.373045
 0.515225
 0.162765
 0.841458
 0.641736
-0.756502
 0.126012
 0.870980
 0.486810
 0.066405
-0.707903
 0.466592
 0.530250
 0.750779
-0.268205
 0.603653
-0.805454
-0.058584
 0.589755
 0.108435
 0.357285
 0.927680
 0.545766
-0.310945
 0.778109
 0.279921
-0.943915
 0.175125
-0.075707
 0.838424
 0.539735
-0.580116
-0.500152
 0.642894
 0.282654
 0.143715
 0.948395
-0.012972
 0.687364
 0.726197
-0.172335
-0.485701
 0.856968
-0.847951
-0.405076
 0.341896
 0.848909
 0.216426
 0.482197
 0.585397
 0.650722
 0.483602
-0.648836
 0.061633
 0.758428
-0.465187
-0.096043
 0.879987
 0.442818
-0.091827
 0.891897
-0.255133
-0.252746
 0.933288
-0.936416
 0.322432
-0.138428
 0.477187
-0.825644
 0.301004
 0.204821
-0.975873
-0.075637
-0.406616
-0.868907
 0.282248
-0.920668
 0.091004
 0.379591
-0.171379
-0.932429
 0.318128
-0.619191
-0.751820
 0.226647
 0.387047
 0.811989
 0.436885
-0.130286
 0.938937
 0.318470
-0.252552
-0.805905
 0.535476
 0.657576
-0.060744
 0.750936
-0.787903
 0.210572
 0.578678
 0.663375
-0.646106
 0.377466
 0.022999
 0.127615
 0.991557
-0.081256
-0.682385
 0.726463
-0.632713
-0.218934
 0.742793
-0.381851
 0.885528
 0.264631
 0.004028
-0.837408
 0.546564
 0.331933
 0.923102
 0.194175
-0.101692
 0.496560
 0.862025
 0.456007
-0.889975
 0.001310
-0.600511
 0.778704
 0.181678
 0.988136
 0.060440
-0.141185
-0.757130
 0.577446
 0.305466
-0.367402
 0.436311
 0.821370
-0.971135
 0.195638
 0.136467
 0.259222
 0.963787
-0.062600
 0.992405
-0.076185
 0.096587
-0.799574
-0.578270
 0.162129
-0.502208
 0.580272
 0.641149
 0.123621
-0.544719
 0.829457
-0.870695
 0.343400
 0.352089
-0.702141
-0.710927
-0.039746
 0.888663
 0.361589
 0.282012
 0.393042
-0.533759
 0.748745
 0.138882
 0.910217
 0.390149
 0.203278
-0.106825
 0.973276
-0.445810
 0.185248
 0.875749
 0.939730
 0.319030
-0.122991
-0.561525
 0.707684
 0.428803
 0.411147
 0.621389
 0.666959
 0.208082
-0.714432
 0.668048
 0.495994
 0.868190
-0.015352
 0.075475
 0.985665
 0.150890
-0.689419
-0.586649
 0.424904
 0.831703
-0.031012
 0.554355
 0.034403
-0.342848
 0.938761
-0.049357
-0.114276
 0.992222
 0.975069
 0.199391
 0.097385
 0.195800
 0.565090
 0.801459
 0.077541
-0.942158
 0.326077
-0.897550
 0.430220
 0.096511
 0.371071
 0.382385
 0.846220
 0.200032
 0.770110
 0.605738
 0.749951
 0.599573
 0.279438
 0.911711
-0.194980
 0.361615
-0.331241
 0.799874
 0.500481
 0.575745
 0.424972
 0.698510
-0.187513
 0.276080
 0.942666
-0.768325
 0.637733
 0.054531
 0.560691
 0.791563
 0.243008
 0.463487
-0.694610
 0.550179
-0.760861
-0.325422
 0.561418
-0.487143
-0.722273
 0.490931
 0.818877
-0.545138
 0.179625
 0.274155
-0.846696
 0.456009
 0.703729
 0.197627
 0.682429
 0.948433
 0.057595
 0.311701
 0.000724
-0.995887
 0.090597
 0.625131
-0.497044
 0.601797
-0.267172
 0.658836
 0.703246
 0.738950
 0.447524
 0.503662
