52
-0.380828
 0.125600
 0.916076
 0.775463
 0.466398
 0.425594
 0.051490
 0.997061
 0.056727
-0.838226
 0.490955
 0.237362
 0.181976
 0.759386
 0.624674
 0.330409
-0.227234
 0.916076
 0.000000
-0.000000
 1.000000
-0.378272
-0.762516
 0.524862
-0.080269
 0.336748
 0.938167
 0.233251
 0.470185
 0.851187
-0.398125
 0.749051
 0.529545
-0.218447
-0.938897
 0.265996
 0.676634
-0.600863
 0.425594
 0.316689
 0.139824
 0.938167
 0.554318
-0.434200
 0.710072
 0.247499
-0.597866
 0.762431
 0.762649
-0.643302
 0.067299
-0.501304
 0.851612
-0.153137
 0.444405
 0.895826
 0.000000
-0.615405
-0.741972
 0.265996
 0.590752
 0.297563
 0.749978
 0.837278
 0.136188
 0.529545
 0.616183
-0.057059
 0.785533
-0.121326
-0.637128
 0.761149
 0.494541
 0.604328
 0.624674
 0.257553
 0.911733
 0.320013
-0.973618
 0.218032
 0.067299
 0.593075
-0.769300
-0.237569
-0.418228
 0.456096
 0.785533
 0.382369
-0.780812
 0.494091
-0.887788
 0.175222
 0.425594
 0.014067
-0.364205
 0.931212
-0.625771
-0.164650
 0.762431
-0.433890
-0.482070
 0.761149
-0.298498
-0.209147
 0.931212
 0.866300
 0.447124
-0.222720
 0.762727
 0.644228
 0.056727
 0.570118
 0.756675
 0.320013
-0.809388
 0.230579
-0.540115
-0.168111
 0.960278
-0.222720
-0.981363
-0.116085
 0.153137
 0.898041
-0.370379
 0.237362
 0.022325
-0.848267
 0.529098
-0.120485
 0.650397
 0.749978
 0.971347
-0.006784
 0.237569
 0.933261
 0.329669
 0.142626
-0.673278
 0.504948
 0.540115
-0.688913
-0.495434
 0.529098
-0.097807
 0.899613
 0.425594
-0.681085
 0.178664
 0.710072
-0.853034
-0.167949
 0.494091
-0.302142
 0.942533
 0.142626
