124
-0.669303
-0.213104
 0.711772
 0.785895
 0.617771
 0.026979
 0.893998
-0.355829
-0.272311
 0.798230
 0.384216
 0.463905
-0.280080
 0.288247
-0.915680
 0.799712
-0.225256
 0.556525
 0.997948
-0.060912
 0.019750
-0.738404
 0.204694
 0.642542
 0.868162
-0.343409
 0.358281
-0.453668
 0.062882
 0.888950
 0.478092
-0.324262
 0.816261
-0.668865
-0.440811
 0.598586
-0.218450
 0.974042
-0.059352
 0.325255
-0.257847
-0.909793
-0.133599
 0.901369
 0.411930
 0.644572
-0.136068
 0.752338
-0.022588
-0.770511
 0.637027
 0.535466
 0.289211
 0.793494
 0.724563
 0.653633
-0.218568
 0.097764
 0.737447
 0.668292
 0.480193
 0.862932
 0.157366
 0.625882
 0.779511
-0.025196
 0.436220
 0.484533
 0.758248
-0.409871
 0.450683
 0.793026
 0.508448
 0.775722
 0.373813
 0.040891
 0.378449
 0.924718
 0.653553
-0.347648
 0.672316
 0.588610
-0.807917
 0.028439
 0.420879
-0.890754
 0.171515
 0.874564
 0.149844
 0.461178
-0.154454
-0.176668
 0.972076
 0.556996
 0.787267
-0.264512
 0.861202
-0.500885
-0.086286
 0.637421
 0.449161
 0.626059
-0.348123
 0.881455
 0.319136
 0.508255
 0.643143
 0.572752
-0.915038
-0.290778
-0.279559
-0.266504
-0.686942
 0.676081
-0.294266
-0.899936
-0.321751
-0.072051
-0.604142
 0.793613
 0.037304
-0.980733
 0.191758
-0.550563
 0.248795
 0.796858
-0.648574
 0.019077
 0.760913
 0.783759
 0.005612
 0.621040
 0.982508
 0.075849
-0.170076
 0.760369
-0.644479
 0.080533
 0.764021
-0.572783
 0.296970
-0.879333
 0.164647
 0.446839
-0.117742
 0.780111
 0.614462
 0.888720
-0.436026
 0.141624
-0.769211
 0.557895
 0.311556
-0.804168
-0.025671
 0.593847
 0.161318
-0.660807
 0.733015
-0.362110
-0.882763
 0.299343
-0.089942
-0.873242
-0.478915
 0.528817
-0.531861
 0.661420
-0.258967
 0.630773
 0.731479
-0.789425
 0.375716
 0.485434
-0.146497
-0.936231
 0.319392
 0.617842
-0.419148
-0.665271
-0.467874
 0.618961
 0.630858
 0.312983
 0.796571
 0.517220
-0.389604
 0.917905
 0.075225
 0.379873
-0.689040
 0.617187
-0.904694
-0.418605
-0.079365
 0.958921
-0.203015
 0.198128
 0.115192
-0.466590
 0.876940
 0.153011
 0.175665
 0.972486
 0.213138
-0.812478
 0.542634
-0.212621
-0.832391
 0.511779
 0.234438
-0.921094
 0.310845
-0.917424
-0.058284
 0.393620
 0.330626
-0.509659
 0.794314
-0.430586
-0.899854
 0.069702
-0.332560
 0.780560
 0.529273
-0.105832
 0.206481
 0.972710
-0.963905
 0.142400
 0.224964
-0.109825
-0.404377
 0.907975
-0.901019
-0.282181
 0.329453
 0.300768
 0.339426
 0.891251
 0.306536
 0.504636
-0.807080
-0.712786
 0.685611
 0.147898
-0.434139
-0.755545
 0.490586
-0.038814
 0.601194
 0.798160
 0.060454
 0.962008
 0.266244
-0.067241
 0.238837
-0.968729
-0.541015
 0.734306
 0.409996
-0.956859
 0.288397
 0.035323
 0.448928
-0.098529
 0.888119
 0.305833
 0.654720
 0.691237
 0.950508
 0.290719
-0.109622
 0.587588
-0.660082
 0.468008
-0.806474
-0.256220
 0.532871
 0.667814
 0.714431
 0.208836
 0.812297
 0.521912
 0.260350
 0.678460
 0.597790
 0.427013
-0.256506
 0.013924
 0.966442
 0.484720
 0.586910
-0.648524
 0.605284
 0.079179
 0.792062
 0.607778
-0.752332
 0.254170
-0.627770
-0.635466
 0.449542
 0.857790
 0.486922
-0.164631
 0.231830
-0.053291
 0.971295
 0.728083
-0.472771
 0.496370
-0.544985
 0.812167
 0.208269
 0.390570
 0.126148
 0.911889
 0.420390
-0.812091
 0.404698
-0.489322
-0.150792
 0.858968
-0.171582
 0.968157
 0.182297
-0.785991
-0.475766
 0.394797
 0.728848
 0.233330
 0.643690
 0.257497
 0.959783
 0.111855
-0.654042
 0.570232
 0.497056
 0.035266
-0.896410
 0.441821
 0.180071
 0.529045
 0.829269
 0.904746
-0.093243
 0.415622
 0.981869
 0.172752
 0.078044
-0.328407
-0.287644
 0.899672
 0.000000
 0.000000
 1.000000
 0.966266
 0.041636
 0.254158
-0.015441
-0.999068
-0.040300
-0.512210
-0.382769
 0.768849
-0.206613
-0.972855
 0.104230
-0.183237
 0.439024
 0.879592
