95
 0.472850
 0.874495
 0.108034
-0.705798
 0.198813
 0.679944
-0.719260
 0.582792
 0.378179
-0.817418
 0.327503
 0.473888
 0.591500
 0.455493
 0.665322
-0.452978
-0.161340
 0.876801
 0.709187
 0.648699
-0.276122
 0.678740
-0.275871
 0.680593
 0.785295
 0.258622
 0.562518
 0.079182
-0.957213
-0.278341
 0.482109
-0.474711
 0.736356
-0.951755
-0.293148
-0.090702
-0.209380
-0.611263
 0.763228
 0.233831
-0.120305
 0.964806
 0.425333
 0.836017
 0.346651
-0.460483
 0.688025
 0.560872
 0.800905
-0.003476
 0.598782
-0.451921
-0.584160
 0.674184
-0.304376
-0.402247
 0.863454
 0.304204
 0.891437
-0.335857
 0.990249
 0.048362
-0.130645
 0.166986
-0.947079
 0.274149
-0.000000
 0.000000
 1.000000
 0.254460
-0.402379
 0.879398
-0.401706
 0.843230
-0.357205
-0.420741
-0.062969
-0.904993
 0.937500
-0.143540
-0.317001
 0.209056
-0.821221
 0.530934
 0.453639
-0.681564
 0.574179
 0.990903
 0.033871
 0.130245
 0.269497
 0.778857
 0.566351
 0.898421
 0.282638
 0.336088
-0.634424
 0.489336
 0.598377
-0.503970
 0.097671
 0.858181
 0.757610
-0.640169
 0.127317
 0.831048
 0.423877
-0.360121
-0.181966
 0.726622
 0.662502
-0.664482
-0.522851
 0.533939
-0.831157
 0.457779
-0.315622
-0.843162
-0.532313
 0.075635
 0.846983
-0.241332
 0.473686
-0.346404
 0.935141
-0.074271
 0.652937
 0.705038
 0.276758
-0.510223
-0.735912
 0.445092
 0.352510
 0.583361
 0.731729
-0.673546
-0.080000
 0.734804
-0.568763
-0.354440
 0.742214
 0.914293
 0.146749
-0.377535
 0.455288
-0.232036
 0.859577
 0.004601
-0.518332
 0.855167
-0.771895
-0.265061
 0.577859
 0.000641
 0.853132
 0.521695
-0.520952
 0.348953
 0.779000
-0.078197
-0.980405
 0.180805
-0.743812
-0.501724
-0.441607
-0.105462
 0.994300
 0.015651
 0.899567
-0.434485
 0.044744
-0.188074
-0.921180
-0.340670
 0.831984
 0.522055
 0.187779
 0.687829
 0.725708
 0.015429
-0.357146
 0.551775
 0.753652
 0.020682
-0.288374
 0.957294
-0.204907
-0.188722
 0.960415
 0.839116
-0.030404
-0.543102
-0.536524
-0.824143
 0.181469
 0.528090
 0.667176
 0.525355
-0.265839
-0.779228
 0.567568
-0.043911
 0.271811
 0.961348
-0.322226
-0.943354
 0.079078
 0.978301
-0.201715
-0.047317
 0.084942
 0.678099
 0.730045
 0.155692
 0.982253
 0.104589
 0.925687
 0.020397
 0.377739
 0.201344
 0.182957
 0.962282
-0.276095
 0.853456
 0.442023
 0.045432
 0.895652
-0.442429
-0.291716
 0.321826
 0.900739
 0.240351
-0.630776
 0.737803
-0.102429
 0.522600
 0.846402
 0.637704
-0.673251
 0.374255
 0.939566
 0.302986
-0.159423
 0.949061
-0.220949
 0.224643
-0.261067
 0.068232
 0.962906
 0.336421
-0.922291
-0.190266
 0.886537
-0.403680
-0.226042
 0.682755
-0.488768
 0.543094
 0.562899
-0.811469
 0.157044
 0.156589
 0.451683
 0.878329
 0.763927
-0.631632
-0.132125
 0.401435
 0.342444
 0.849460
 0.617538
 0.211278
 0.757634
-0.573788
 0.813690
 0.093146
 0.624356
-0.045344
 0.779823
 0.001022
-0.742830
 0.669480
 0.535999
-0.774141
-0.336764
