101
-0.656303
 0.538641
 0.528330
 0.098306
 0.728407
 0.678055
-0.493388
 0.805891
-0.327273
 0.587785
 0.466172
 0.661205
-0.998272
 0.038547
-0.044350
-0.971100
-0.237759
-0.020870
 0.133141
 0.331410
 0.934046
-0.015359
 0.863622
 0.503906
-0.851914
 0.377565
 0.362887
 0.413174
-0.254902
 0.874250
-0.950875
 0.291869
-0.103194
-0.287432
 0.832904
 0.472920
-0.431758
 0.005418
 0.901973
 0.051812
-0.766546
 0.640096
 0.282559
 0.811107
 0.512120
 0.508184
-0.022274
 0.860960
 0.876657
 0.306806
 0.370598
-0.289768
-0.210493
 0.933663
-0.425760
 0.656065
 0.623143
 0.381553
 0.633494
 0.673129
 0.163414
 0.931373
 0.325331
 0.556765
 0.828265
 0.063166
-0.795840
 0.047622
 0.603631
-0.636459
-0.053547
 0.769449
-0.785501
-0.563910
 0.254941
-0.784360
-0.414121
 0.461826
 0.858257
-0.370529
 0.355110
-0.649744
 0.747129
-0.140110
 0.871941
 0.059943
 0.485929
-0.885632
-0.141672
 0.442250
 0.576910
 0.216855
 0.787495
 0.127669
-0.318003
 0.939454
-0.911037
 0.123658
 0.393346
-0.372432
 0.900085
 0.226146
-0.592591
-0.466387
 0.656749
-0.175060
-0.636676
 0.750997
 0.736481
 0.508008
 0.446681
 0.196797
 0.543211
 0.816206
 0.856434
 0.477153
 0.197093
 0.545928
 0.681083
 0.487942
-0.422424
-0.893414
 0.152873
 0.332638
 0.157314
 0.929841
-0.216858
 0.975842
 0.026545
-0.126435
 0.948167
 0.291536
-0.358793
-0.466044
 0.808747
 0.718826
 0.013772
 0.695053
 0.516336
-0.470278
 0.715706
-0.701732
 0.613263
-0.362603
-0.621282
-0.754588
 0.211201
-0.035616
-0.993848
-0.104870
-0.377649
 0.265341
 0.887116
-0.194216
-0.976840
 0.089794
 0.042107
-0.983895
 0.173719
-0.764545
 0.642105
 0.056330
 0.637885
-0.234463
 0.733574
-0.171619
 0.715481
 0.677225
-0.195923
-0.806074
 0.558443
-0.893306
 0.434919
 0.113353
-0.735318
-0.240169
 0.633740
-0.450061
 0.891439
-0.052735
-0.967113
 0.198245
 0.159350
-0.300868
 0.505600
 0.808608
 0.296623
-0.670736
 0.679800
-0.053436
 0.542979
 0.838044
-0.201672
-0.920457
 0.334794
 0.323610
 0.938278
 0.122111
 0.963031
 0.126479
 0.237856
 0.682211
 0.684504
 0.256987
 0.043160
-0.905565
 0.422006
 0.943128
-0.126612
 0.307375
-0.605640
 0.196222
 0.771166
 0.060021
 0.098872
 0.993288
-0.535178
 0.433116
 0.725256
-0.754313
 0.302278
 0.582786
 0.292969
-0.471827
 0.831594
-0.529404
 0.748080
 0.400134
-0.887915
-0.457874
 0.044255
-0.200119
 0.066142
 0.977537
 0.451560
 0.835615
 0.312796
-0.276665
 0.929264
-0.244797
 0.707255
-0.437884
 0.555021
-0.121347
-0.405033
 0.906214
-0.587702
 0.795559
 0.147282
 0.241647
-0.083957
 0.966725
-0.413656
-0.659874
 0.627260
-0.044156
-0.143141
 0.988717
-0.513951
-0.268495
 0.814717
 0.398157
 0.390696
 0.829956
-0.915800
-0.312148
 0.252734
 0.518510
-0.661979
 0.541231
 0.836733
-0.524940
 0.155936
-0.127647
 0.314671
 0.940579
 0.623069
 0.634809
-0.456948
-0.977995
-0.066981
 0.197586
 0.283490
-0.827186
 0.485177
-0.746765
-0.665051
-0.007045
 0.061074
-0.572579
 0.817572
 0.752708
 0.270938
 0.600019
 0.816775
-0.190721
 0.544521
-0.736727
 0.604457
 0.303094
-0.429855
-0.806139
 0.406650
