42
-0.398081
 0.759978
 0.513774
-0.552704
 0.436246
 0.710076
 0.033739
-0.058664
 0.997707
-0.826846
 0.256869
 0.500344
-0.109287
 0.949319
 0.294702
-0.862751
-0.174568
 0.474538
 0.830917
 0.018557
 0.556086
 0.131261
-0.708656
 0.693237
 0.636126
 0.638353
 0.433416
 0.349266
 0.589509
 0.728349
-0.075739
-0.911351
 0.404602
 0.963324
 0.254117
-0.086206
 0.807793
 0.588220
 0.038308
 0.538507
 0.840319
 0.062237
 0.669202
-0.714242
 0.205003
 0.884388
 0.330360
 0.329728
 0.353187
-0.847851
 0.395483
 0.828046
-0.387895
 0.404818
 0.633020
 0.323865
 0.703134
 0.471747
 0.820072
-0.323940
 0.886390
-0.462936
 0.001550
 0.132193
 0.338336
 0.931694
-0.186235
 0.539339
 0.821237
-0.206069
 0.975165
-0.081175
 0.624803
-0.219936
 0.749166
 0.288831
-0.358754
 0.887622
-0.364703
-0.204777
 0.908327
-0.600328
-0.420416
 0.680336
 0.731451
-0.597018
-0.329468
 0.185236
 0.982546
-0.017063
 0.415947
 0.072692
 0.906479
 0.019880
 0.777833
 0.628157
 0.305069
 0.872705
 0.381208
 0.534377
-0.581454
 0.613475
 0.973964
-0.129556
-0.186035
-0.755350
-0.554569
 0.349141
-0.646828
 0.019773
 0.762380
 0.977793
-0.068381
 0.198101
-0.095416
-0.456877
 0.884398
-0.514263
 0.848324
 0.126016
-0.290488
 0.183591
 0.939101
-0.316725
-0.685919
 0.655134
