85
-0.614093
-0.338016
 0.713187
-0.784859
 0.550295
 0.284908
 0.891086
-0.258574
 0.372967
-0.915459
 0.391802
 0.091788
-0.276317
 0.062317
 0.959044
-0.927581
-0.292636
-0.232287
 0.541038
-0.840716
 0.021768
-0.293922
-0.812010
-0.504232
-0.385241
 0.899590
 0.205735
 0.180474
 0.461586
 0.868543
-0.953445
-0.151259
 0.260890
-0.151812
 0.735553
 0.660238
-0.471052
-0.151089
 0.869070
-0.096675
 0.528448
 0.843443
 0.665517
-0.707514
 0.237720
 0.434990
-0.305681
 0.846961
-0.168398
-0.949859
 0.263459
 0.551400
 0.680711
 0.482276
-0.973335
 0.201881
-0.108916
-0.086628
-0.488843
 0.868060
 0.738086
-0.294622
 0.606982
-0.873268
 0.301182
 0.383005
-0.884503
 0.031104
 0.465497
 0.778215
 0.497683
 0.383005
-0.823467
 0.028957
-0.566625
 0.210289
 0.219844
-0.952600
-0.053181
-0.856937
 0.512671
 0.388833
 0.600514
 0.698707
 0.436344
 0.861127
 0.260890
-0.689800
 0.491454
 0.531647
-0.333852
-0.809951
 0.482206
 0.638702
 0.445473
 0.627386
 0.338467
-0.643918
 0.686156
 0.015816
 0.875915
 0.482206
-0.168637
-0.951626
-0.256846
 0.517101
-0.709868
 0.478220
-0.483218
-0.604903
 0.632923
 0.621286
-0.116941
 0.774809
 0.834154
 0.244112
 0.494566
 0.259779
-0.964916
 0.038117
 0.708462
 0.064149
-0.702827
 0.027097
 0.999516
-0.015297
-0.368659
 0.585435
 0.722050
 0.123223
 0.695768
 0.707618
-0.532458
 0.122655
 0.837523
 0.066829
-0.271017
 0.960252
-0.975287
 0.123358
 0.183298
 0.215837
-0.471332
 0.855137
-0.760777
 0.648649
 0.021768
-0.112539
 0.966115
 0.232287
-0.218986
-0.676410
 0.703217
-0.506193
 0.694895
 0.510774
 0.219739
 0.192068
 0.956465
-0.050348
 0.275215
 0.960063
-0.578757
-0.815495
 0.002919
-0.744912
 0.210982
 0.632923
-0.113450
 0.953484
-0.279279
 0.307989
 0.951327
 0.010971
 0.280761
-0.104966
 0.954021
-0.941521
-0.333758
 0.046300
 0.949203
 0.019221
 0.314076
-0.556362
 0.483307
-0.675926
 0.708093
 0.497795
-0.500804
-0.598141
-0.709540
 0.372534
 0.363682
 0.430686
-0.825981
 0.744682
 0.650907
-0.147538
 0.466448
 0.078279
 0.881078
-0.316414
 0.336381
 0.886978
-0.605493
 0.751865
 0.260916
 0.062738
-0.693890
 0.717343
 0.825089
 0.241459
-0.510808
-0.000000
-0.000000
 1.000000
 0.436455
 0.870695
-0.226708
-0.854358
-0.437154
 0.281014
-0.669883
-0.706658
-0.227796
 0.674101
 0.176090
 0.717343
-0.834975
-0.543109
-0.088601
-0.551430
 0.386257
 0.739412
-0.736839
 0.517800
-0.434685
 0.861839
-0.473781
 0.181013
 0.445392
 0.353269
 0.822695
 0.235406
-0.831687
 0.502872
 0.405047
-0.873050
 0.271514
-0.997095
-0.068868
-0.032548
-0.284352
 0.845846
 0.451319
