102
-0.562294
 0.181234
 0.806833
 0.624838
-0.283908
 0.727306
 0.583800
-0.537572
 0.608436
 0.186654
-0.320199
 0.928780
 0.272833
 0.757214
 0.593456
 0.433207
-0.901035
 0.021616
-0.060932
-0.843222
 0.534101
-0.743328
 0.063136
 0.665941
 0.065083
-0.941568
 0.330474
-0.544125
-0.066036
 0.836401
-0.677796
-0.694572
 0.241168
-0.925122
 0.311877
 0.216523
 0.666079
 0.718104
 0.201656
-0.311792
-0.161185
 0.936379
 0.361697
 0.063877
 0.930105
 0.670777
 0.405322
 0.621105
 0.220647
-0.833758
 0.506124
 0.078865
-0.714587
 0.695087
 0.744913
 0.159633
 0.647782
 0.977170
 0.009468
 0.212248
-0.381028
 0.602804
 0.701032
-0.312771
-0.775907
 0.547853
 0.465379
-0.849416
-0.248828
-0.536816
-0.676261
 0.504480
-0.630069
-0.439548
 0.640165
-0.027917
-0.495203
 0.868328
 0.432099
-0.426489
 0.794605
 0.989981
-0.136510
-0.036079
-0.253410
 0.952857
 0.166876
 0.785096
 0.619291
-0.010168
 0.149813
-0.079837
 0.985486
 0.890433
 0.090247
 0.446076
 0.259486
 0.573665
 0.776901
-0.709673
-0.192609
 0.677691
-0.965848
 0.025809
 0.257821
 0.257671
 0.891226
 0.373259
 0.436461
-0.753920
-0.491026
 0.547970
 0.208489
 0.810100
-0.413090
-0.568038
 0.711822
-0.492578
-0.315391
 0.811108
 0.067166
 0.251198
-0.965603
-0.467544
-0.829246
 0.306193
-0.347723
 0.356238
 0.867285
 0.005653
 0.948548
 0.316582
 0.296470
 0.316136
 0.901201
 0.193642
-0.974967
 0.109277
 0.358826
 0.928647
-0.094118
 0.469128
 0.440206
 0.765596
-0.583937
 0.786040
-0.202875
 0.939625
 0.231665
-0.251867
-0.128732
 0.272758
 0.953431
 0.349673
-0.892220
 0.285783
-0.618095
 0.571327
 0.539948
-0.734262
 0.314706
 0.601514
 0.484894
-0.749951
 0.449946
-0.806444
 0.571244
 0.152738
-0.727557
-0.535809
 0.428451
 0.034265
 0.672876
 0.738961
 0.212188
-0.541227
 0.813664
-0.853035
-0.472747
 0.221001
 0.105040
 0.172025
 0.979476
 0.834088
 0.505431
 0.220990
 0.924929
 0.380139
-0.000543
-0.772071
 0.624658
-0.117085
 0.891589
-0.172910
 0.418534
-0.191737
 0.749749
 0.633335
-0.877507
 0.190435
 0.440131
 0.451608
 0.876276
 0.167902
 0.585681
 0.809574
-0.039583
-0.825300
-0.311085
 0.471281
 0.952550
-0.240224
 0.186927
-0.024774
 0.996916
 0.074458
 0.651358
-0.688369
-0.319188
 0.594329
-0.036078
 0.803413
 0.907728
-0.419196
 0.017467
-0.225026
-0.911956
 0.343073
-0.220473
-0.967329
-0.125168
 0.065113
 0.439306
 0.895974
-0.343914
 0.099122
 0.933755
 0.034008
 0.841290
 0.539513
-0.172437
-0.659523
 0.731638
-0.872835
-0.066953
 0.483401
 0.829927
 0.344994
 0.438407
 0.847960
-0.441306
 0.293620
 0.991588
 0.127668
-0.021301
-0.265580
-0.418631
 0.868456
 0.495538
 0.627148
 0.600939
-0.165289
 0.534584
 0.828794
 0.690738
-0.614048
 0.381872
 0.690707
 0.584372
 0.425950
-0.106074
 0.006599
 0.994336
 0.939678
 0.258455
 0.224069
-0.545520
 0.417913
 0.726469
-0.104045
-0.984948
 0.138031
 0.764111
-0.371442
 0.527413
 0.360011
-0.666803
 0.652507
 0.405602
-0.188075
 0.894491
 0.774829
-0.096475
 0.624766
-0.799613
 0.457733
 0.388714
-0.226094
 0.882004
 0.413462
 0.490679
 0.774429
 0.399367
-0.641239
 0.764842
 0.061884
