34
-0.227292
 0.546703
 0.805887
 0.441153
 0.200379
 0.874776
-0.384424
 0.088677
 0.918888
-0.067113
 0.675224
-0.734553
 0.289281
 0.820849
 0.492466
 0.215005
-0.899033
 0.381460
 0.057075
-0.994756
-0.084875
-0.102712
-0.320427
 0.941688
 0.626386
 0.750060
-0.212252
 0.960624
 0.097251
-0.260276
 0.910037
 0.414253
 0.015075
 0.018249
 0.157257
 0.987389
-0.565995
 0.716767
 0.407302
-0.879234
 0.337122
 0.336596
 0.896546
 0.191369
 0.399480
 0.688778
 0.678433
 0.255565
-0.152798
 0.855448
 0.494835
 0.192637
 0.562150
 0.804287
-0.816991
 0.576633
 0.004479
-0.766316
-0.448832
 0.459684
 0.709943
-0.075851
 0.700162
-0.501383
-0.327837
 0.800711
 0.360787
 0.928343
 0.089511
-0.364122
-0.688358
 0.627358
-0.606184
 0.401621
 0.686471
 0.304947
-0.219571
 0.926712
-0.457250
 0.888461
 0.039500
-0.597904
 0.722092
-0.347985
 0.482321
-0.522788
 0.702893
 0.837085
-0.353846
 0.417230
 0.763822
 0.008667
-0.645369
 0.630903
 0.474301
 0.614003
 0.196633
 0.925540
-0.323591
 0.987330
-0.123742
 0.099330
