59
 0.338641
 0.463168
 0.819023
-0.912123
-0.337929
 0.232025
-0.170514
 0.950043
 0.261426
 0.148012
 0.935326
 0.321337
 0.344380
 0.105944
 0.932833
-0.367740
 0.617429
 0.695376
 0.603382
 0.246002
 0.758560
-0.949114
 0.026120
 0.313847
 0.268861
-0.239866
 0.932833
 0.238882
 0.745278
 0.622492
 0.073615
 0.308465
 0.948383
 0.267109
-0.756717
 0.596685
-0.858898
 0.512110
 0.006108
-0.061681
-0.311071
 0.948383
 0.795432
 0.007442
 0.605997
 0.114724
-0.562175
 0.819023
 0.065139
-0.927031
 0.369284
-0.255386
-0.911878
 0.321337
-0.007441
 0.604442
 0.796614
-0.819837
-0.198732
 0.537003
 0.719913
-0.338368
 0.605997
-0.994194
-0.107426
 0.006108
-0.903924
-0.405416
-0.136230
 0.652619
-0.745339
 0.136230
-0.804261
 0.500179
-0.320913
 0.112239
-0.992161
 0.054952
 0.791324
 0.364309
 0.491005
 0.445673
 0.815478
 0.369284
-0.381172
-0.241300
 0.892458
-0.245876
 0.378237
 0.892458
-0.591658
-0.407913
 0.695376
 0.558255
 0.576471
 0.596685
 0.921455
-0.201230
 0.332305
-0.688206
 0.687414
 0.232025
-0.797389
 0.174136
 0.577795
 0.551049
 0.792466
-0.261425
 0.715674
 0.641155
 0.277003
-0.728519
-0.539288
 0.422408
 0.445895
-0.475147
 0.758560
-0.324654
 0.070899
 0.943172
 0.939558
 0.119358
 0.320913
 0.564491
-0.123275
 0.816182
-0.436847
-0.702046
 0.562402
-0.629803
-0.043613
 0.775529
 0.567406
-0.661033
 0.491005
-0.000000
-0.000000
 1.000000
 0.104404
-0.820246
-0.562402
 0.213355
 0.976975
 0.000000
-0.554284
 0.302197
 0.775529
 0.383231
-0.881137
 0.277003
-0.662350
 0.522417
 0.537003
 0.437373
-0.793899
-0.422408
-0.258746
-0.546312
 0.796614
 0.774380
 0.628334
-0.074373
-0.873595
 0.371929
 0.313847
-0.976975
 0.213355
 0.000000
-0.093561
-0.777014
 0.622492
 0.441937
-0.893958
-0.074373
 0.515637
 0.855043
 0.054952
