144
-0.467369
 0.457170
 0.756678
-0.569659
-0.492344
 0.658093
 0.152156
-0.067096
 0.986076
 0.688051
-0.564129
 0.456447
-0.982174
-0.139234
 0.126286
-0.259035
-0.959295
-0.112493
 0.424431
-0.870432
 0.249412
 0.178838
-0.983749
 0.015975
-0.638325
 0.323059
 0.698694
 0.119636
 0.571446
 0.811873
-0.739109
-0.582195
 0.338772
 0.495905
 0.661637
 0.562418
-0.445090
 0.632058
 0.634347
-0.867854
-0.013075
 0.496648
-0.854398
-0.394446
 0.338254
-0.806210
 0.567833
 0.166104
-0.459197
 0.047070
 0.887087
-0.257242
 0.892231
 0.371147
-0.929414
-0.342732
 0.136836
-0.601580
-0.798638
-0.016687
-0.991552
 0.072122
 0.107813
-0.310184
-0.828305
 0.466579
-0.914151
 0.397712
 0.078442
-0.229673
-0.716861
 0.658301
 0.010232
-0.984512
 0.175017
-0.433171
-0.691955
 0.577548
-0.079167
 0.486108
 0.870305
 0.522155
-0.634693
 0.569666
-0.631334
 0.109547
 0.767734
 0.764756
 0.293386
 0.573650
-0.150333
-0.931034
 0.332529
 0.298550
 0.644503
 0.703906
 0.605724
-0.722148
 0.334066
-0.747792
-0.060972
 0.661127
-0.306436
-0.893005
-0.329605
 0.608921
 0.359843
 0.706914
-0.646973
-0.732226
-0.212769
-0.473216
 0.260106
 0.841672
-0.824732
-0.229408
 0.516903
-0.622291
 0.516437
 0.588257
 0.463878
 0.514313
 0.721318
 0.316280
-0.727205
 0.609212
-0.098179
-0.838519
 0.535953
-0.768815
 0.372618
 0.519691
 0.111846
 0.369405
 0.922513
-0.388925
 0.920068
-0.047031
-0.595692
-0.115175
 0.794912
-0.888420
-0.455382
-0.057770
-0.075540
 0.821825
 0.564710
 0.882816
-0.262463
 0.389549
 0.295858
 0.225463
 0.928243
-0.309670
-0.404625
 0.860455
-0.741570
 0.638294
-0.206532
-0.773107
 0.163156
 0.612933
 0.104586
 0.961311
 0.254838
-0.266666
 0.433371
-0.860859
 0.879917
-0.206030
-0.428132
 0.511489
 0.084822
 0.855093
-0.017252
-0.697334
 0.716538
-0.122030
 0.974309
 0.189289
-0.880940
-0.205895
-0.426088
-0.281749
 0.187622
 0.940965
 0.507127
-0.134744
 0.851273
-0.052540
 0.920384
-0.387469
-0.652070
-0.506827
-0.563854
-0.333814
 0.928829
 0.160765
 0.598292
-0.457712
 0.657683
-0.402663
-0.914678
 0.035034
-0.378605
-0.560192
 0.736779
 0.807263
 0.064346
 0.586673
 0.462745
 0.868735
 0.176540
-0.730454
 0.561451
 0.388857
-0.065481
 0.667211
 0.741985
-0.974118
 0.223362
-0.034706
 0.967130
 0.244753
 0.068957
 0.924180
 0.191499
-0.330482
 0.043180
 0.998234
 0.040807
-0.762401
-0.646314
-0.031983
-0.529458
-0.828146
 0.183979
-0.681052
-0.282910
 0.675374
-0.737804
-0.430877
 0.519606
-0.223715
-0.230960
 0.946894
 0.904587
 0.344561
 0.250998
 0.137055
 0.871298
 0.471228
-0.475542
 0.829865
 0.291863
 0.322019
 0.783411
 0.531573
 0.112038
-0.803526
 0.584630
-0.797718
-0.557202
-0.230593
-0.074120
 0.067432
 0.994967
-0.084461
 0.283540
 0.955234
 0.222260
-0.949133
 0.223041
-0.587160
 0.799690
-0.125454
-0.081016
-0.382338
 0.920464
-0.958999
-0.113263
-0.259792
 0.664197
 0.633218
 0.397338
-0.833541
-0.533159
 0.144743
 0.676079
-0.053202
 0.734906
 0.337718
 0.010824
 0.941185
-0.996604
-0.019999
-0.079880
-0.845717
 0.529402
-0.067060
 0.201800
 0.972967
-0.112306
-0.119229
 0.298508
-0.946931
 0.251952
-0.869185
 0.425485
-0.349247
-0.898402
 0.266272
 0.114648
 0.148941
 0.982177
-0.916313
 0.357055
-0.181333
 0.759958
-0.371518
 0.533327
-0.906564
 0.033647
-0.420726
-0.571669
 0.688445
 0.446360
 0.441165
-0.781372
 0.441398
-0.245292
 0.737685
 0.629009
 0.056658
-0.920227
-0.387262
 0.468014
-0.348254
 0.812208
-0.613524
-0.617396
 0.492352
 0.060332
-0.517743
 0.853406
-0.505506
-0.343571
 0.791468
-0.161279
-0.563832
 0.809989
 0.689690
 0.701426
-0.179802
 0.820017
-0.471730
 0.324102
 0.297678
 0.446788
 0.843664
-0.282524
 0.389202
 0.876756
 0.494729
 0.782495
 0.378080
 0.962988
-0.130972
 0.235585
-0.856304
 0.409953
 0.314137
-0.262650
-0.022587
 0.964627
 0.401427
-0.547815
 0.734000
-0.419115
-0.175559
 0.890798
 0.651692
-0.261181
 0.712097
 0.194229
-0.634373
 0.748228
-0.522523
-0.764420
 0.377666
-0.382809
 0.785828
 0.485728
 0.665643
 0.157900
 0.729375
 0.798782
 0.437871
 0.412573
 0.542926
-0.835457
-0.085105
-0.037913
-0.146923
 0.988421
 0.318557
-0.215874
 0.922995
 0.802163
-0.159361
 0.575447
-0.950551
 0.023166
 0.309704
-0.715919
 0.697995
 0.016222
 0.117874
 0.748080
 0.653055
-0.658348
 0.714720
 0.236121
 0.463156
 0.294999
 0.835741
-0.944688
 0.241865
 0.221508
-0.269773
 0.574368
 0.772867
