61
 0.711156
-0.521238
 0.471772
 0.825805
 0.103849
 0.554312
 0.236383
 0.809263
 0.537788
 0.667514
-0.712896
 0.214953
-0.024701
 0.933635
 0.357372
-0.529212
-0.780306
 0.333253
-0.768617
 0.156595
 0.620247
 0.811014
-0.221622
 0.541425
 0.256857
-0.585829
 0.768654
-0.783756
-0.168342
 0.597819
 0.922436
 0.260420
 0.285120
 0.155602
-0.836028
 0.526161
-0.063482
-0.691472
 0.719608
-0.702744
-0.507748
 0.498341
 0.470004
 0.590868
 0.655722
-0.864986
 0.376390
 0.331859
-0.379188
 0.892039
-0.245933
 0.348611
 0.065688
 0.934963
 0.046808
-0.967541
 0.248340
-0.199968
-0.865116
 0.459987
-0.647223
 0.681775
 0.341006
 0.036415
-0.055852
 0.997775
 0.255655
-0.964692
-0.063331
-0.197936
 0.495458
 0.845779
 0.555199
 0.740447
 0.378803
 0.615572
-0.082775
 0.783722
-0.313221
-0.938246
 0.146922
 0.580413
 0.813958
 0.024380
 0.547354
-0.412122
 0.728395
 0.336118
 0.380412
 0.861575
-0.356683
 0.857520
 0.370725
-0.556651
-0.007596
 0.830712
 0.739159
 0.451895
 0.499434
 0.612270
 0.256188
 0.747993
-0.672867
 0.462511
 0.577351
 0.025205
-0.387849
 0.921378
-0.780170
-0.595100
-0.192850
 0.959601
-0.078081
 0.270313
 0.118420
 0.607212
 0.785666
-0.996699
-0.074532
 0.032204
-0.280011
-0.170904
 0.944662
-0.921415
-0.388399
 0.011887
-0.416270
 0.650719
 0.635047
 0.885276
-0.407510
 0.224100
 0.813508
-0.578233
-0.062058
-0.937095
 0.043562
 0.346345
-0.967061
 0.249731
 0.049274
-0.423511
-0.662178
 0.618190
-0.557333
-0.340449
 0.757281
-0.326883
-0.917291
-0.227428
 0.552853
-0.830607
-0.066672
-0.274164
-0.475434
 0.835941
 0.043395
 0.282633
 0.958246
-0.113553
 0.771535
 0.625970
-0.766507
-0.616055
 0.181501
-0.256259
 0.154151
 0.954237
 0.458667
-0.715745
 0.526625
 0.066042
 0.996389
 0.053365
-0.491295
 0.326140
 0.807628
 0.324296
-0.258502
 0.909950
-0.900329
-0.294326
 0.320592
