18
-0.358616
 0.232844
 0.903979
 0.990653
-0.112342
 0.077367
-0.282930
 0.716688
 0.637423
-0.891249
-0.417614
 0.176844
-0.733882
-0.178601
 0.655377
 0.579701
-0.807043
-0.112374
 0.000650
 0.985575
 0.169239
 0.319924
-0.498679
 0.805586
-0.822530
 0.367692
 0.433874
-0.412439
-0.753502
 0.511984
 0.153276
-0.903274
 0.400754
 0.228998
 0.150756
 0.961682
 0.720077
-0.052737
 0.691887
 0.530172
 0.845386
 0.065124
 0.737068
-0.568030
 0.366160
 0.309857
 0.667672
 0.676907
-0.209598
-0.358489
 0.909700
 0.795763
 0.431108
 0.425331
