58
 0.820117
-0.014660
 0.572008
 0.075174
 0.322588
 0.943550
 0.712592
-0.597969
 0.366941
 0.990451
-0.120492
-0.066989
-0.244907
 0.909521
 0.335845
 0.206946
-0.961050
 0.183182
 0.166497
 0.923535
 0.345488
-0.287177
-0.184945
 0.939854
-0.869715
-0.474466
 0.135934
-0.253629
-0.521925
 0.814412
-0.536671
 0.019953
 0.843556
-0.775379
-0.397640
 0.490580
 0.152543
-0.853345
 0.498531
-0.658757
-0.558407
-0.504203
 0.433341
 0.475421
 0.765631
-0.050036
 0.809510
 0.584971
 0.966651
-0.034297
 0.253789
-0.111704
-0.959148
 0.259919
 0.132551
 0.609991
 0.781243
-0.264386
 0.202911
 0.942829
-0.413268
-0.856470
 0.309305
-0.851318
 0.479498
 0.212931
 0.523185
 0.802034
 0.288129
 0.000000
 0.000000
 1.000000
 0.376379
 0.178894
 0.909030
 0.350548
-0.444177
 0.824513
-0.186802
-0.794590
 0.577695
-0.393594
 0.708904
 0.585268
 0.869675
 0.291154
 0.398616
 0.854829
-0.305202
 0.419666
-0.025552
 0.995595
 0.090211
-0.591713
 0.749755
 0.296215
-0.946301
-0.157041
 0.282581
 0.590209
-0.092048
 0.801986
 0.639519
-0.392490
 0.661035
 0.017423
-0.355465
 0.934527
-0.793401
-0.095373
 0.601181
-0.482708
 0.407404
 0.775252
-0.429416
 0.901447
 0.054727
 0.675238
 0.661677
-0.325942
 0.323937
 0.945635
 0.028978
-0.969457
-0.236566
-0.064723
 0.293938
-0.141491
 0.945294
 0.348290
 0.749225
 0.563344
 0.079284
-0.649286
 0.756401
-0.908323
 0.404821
-0.105210
 0.670186
 0.253293
 0.697634
-0.690301
 0.517339
 0.505811
-0.491313
-0.626713
 0.604848
 0.805850
 0.560120
 0.192018
-0.634032
-0.773099
 0.017950
-0.907334
 0.186460
 0.376798
-0.726473
 0.221679
 0.650457
 0.431296
-0.678583
 0.594567
-0.188334
 0.543588
 0.817950
-0.716180
 0.697283
-0.029708
-0.488552
 0.823272
-0.289034
-0.558508
-0.323605
 0.763773
