55
-0.015909
 0.448575
 0.893603
 0.666417
-0.339498
 0.663799
 0.875151
-0.316481
 0.365993
-0.469502
-0.807589
 0.356885
 0.300782
 0.265277
 0.916056
-0.641373
 0.018210
 0.767013
 0.612013
 0.309996
 0.727560
-0.877396
 0.407800
 0.252736
-0.971698
 0.000287
 0.236227
 0.401943
 0.914315
-0.049703
-0.621052
-0.590604
-0.515249
-0.597297
-0.309859
 0.739746
 0.698082
-0.595744
 0.397204
-0.977334
-0.201859
-0.063799
-0.733807
-0.522444
 0.434257
 0.976089
-0.215734
 0.026650
-0.903853
-0.381318
 0.194029
-0.014070
-0.277146
 0.960725
-0.345197
-0.116239
 0.931304
 0.552654
-0.029334
 0.832894
-0.058518
 0.914358
 0.400655
 0.436426
-0.811225
 0.389162
 0.219989
-0.959757
 0.174560
 0.337259
-0.926936
-0.164459
 0.422095
-0.616459
 0.664691
 0.080279
-0.594703
 0.799927
-0.841672
-0.180149
 0.509053
-0.832739
 0.549684
-0.066282
-0.660227
 0.563262
 0.496826
 0.130126
-0.838760
 0.528723
 0.020582
 0.998479
 0.051142
-0.600168
 0.347650
 0.720374
 0.243140
-0.058419
 0.968230
-0.131827
-0.947270
 0.292064
 0.950626
 0.005396
 0.310291
-0.340449
 0.247329
 0.907151
 0.355941
-0.358806
 0.862881
 0.273073
 0.926311
 0.259575
 0.314832
 0.781978
 0.537951
-0.841584
 0.185419
 0.507304
-0.324866
 0.578840
 0.747934
-0.183515
-0.769541
 0.611661
-0.838030
-0.520321
-0.164233
-0.053234
 0.104383
 0.993111
 0.837970
 0.322207
 0.440441
 0.653416
-0.725000
-0.217765
 0.596317
 0.769839
 0.227494
-0.377327
 0.788545
 0.485614
 0.324956
 0.554280
 0.766275
-0.479965
-0.608981
 0.631487
 0.709230
 0.695980
-0.112268
 0.794714
-0.003197
 0.606976
-0.012685
 0.730467
 0.682831
-0.261559
-0.465580
 0.845472
-0.577327
 0.811806
-0.087549
