37
-0.954059
-0.257965
 0.152396
 0.385177
 0.401219
 0.831061
-0.044825
 0.566975
 0.822514
-0.671872
 0.605565
-0.426473
 0.175678
 0.946160
 0.271878
-0.980206
 0.191084
 0.051793
-0.802935
 0.485758
 0.345448
 0.299326
 0.945908
-0.125147
 0.603043
-0.331384
 0.725619
-0.685088
-0.701521
 0.196273
 0.758506
 0.089442
 0.645499
-0.894808
 0.023151
 0.445850
 0.801753
-0.596312
 0.040054
-0.607684
-0.102556
 0.787529
 0.843509
 0.515612
 0.150454
 0.190019
-0.349851
 0.917331
-0.675261
 0.288604
 0.678771
 0.041084
-0.916783
 0.397267
-0.195784
-0.189168
 0.962229
 0.058929
 0.149113
 0.987063
-0.952760
-0.136443
-0.271352
 0.682823
 0.489769
 0.542106
-0.557306
-0.797681
-0.230468
 0.153620
-0.987511
-0.034965
-0.389228
-0.780049
 0.489923
-0.326981
 0.694221
-0.641202
-0.438140
-0.474772
 0.763299
-0.762006
-0.416709
 0.495682
-0.155024
 0.856206
 0.492828
-0.449239
 0.868714
-0.208615
-0.064280
-0.649466
 0.757669
-0.331738
 0.249426
 0.909800
 0.297073
 0.735335
 0.609122
 0.433035
-0.002622
 0.901373
 0.522125
-0.820246
-0.233628
-0.892303
 0.257373
-0.370883
-0.451826
 0.626854
 0.634749
