108
 0.845597
 0.479498
 0.234623
-0.988546
-0.007665
-0.150722
-0.140823
-0.466127
 0.873438
 0.372367
 0.771573
 0.515769
-0.567468
 0.821768
-0.051751
 0.116797
 0.239394
 0.963872
-0.697794
-0.681242
-0.221344
-0.925848
 0.213979
-0.311478
-0.843060
-0.044533
 0.535972
-0.098726
 0.803662
 0.586839
 0.707402
-0.588584
-0.391346
 0.666066
-0.691740
 0.279021
 0.837134
-0.370947
-0.402001
 0.920882
 0.036858
 0.388094
-0.479067
-0.060023
 0.875724
-0.246452
-0.033095
 0.968590
 0.664253
-0.335397
 0.668040
-0.340946
 0.939091
-0.043167
-0.158688
-0.983950
 0.081613
 0.238832
 0.441767
 0.864755
-0.136908
 0.209042
 0.968276
-0.000000
 0.000000
 1.000000
-0.750011
-0.478952
 0.456167
-0.168256
-0.670313
 0.722752
-0.569341
-0.820896
-0.044503
 0.857307
 0.263159
-0.442462
 0.592117
 0.147565
 0.792226
 0.485892
-0.719412
 0.496342
-0.179961
 0.972058
 0.150726
 0.856173
 0.274385
 0.437815
-0.014020
 0.446976
 0.894436
-0.206705
-0.930138
 0.303507
-0.075657
 0.993150
-0.089044
 0.261061
-0.836985
 0.480940
-0.366663
-0.500956
 0.783965
 0.808182
-0.357930
 0.467684
-0.141324
 0.630791
 0.762974
-0.601218
-0.670345
 0.434942
 0.742101
 0.494344
 0.452669
-0.045565
 0.800415
-0.597713
 0.312632
-0.477078
 0.821375
 0.550027
 0.551089
 0.627511
 0.508307
-0.530124
 0.678669
-0.832254
 0.486740
-0.265402
-0.823905
 0.536312
 0.183165
 0.946061
 0.249609
 0.206552
 0.689065
 0.332515
 0.643913
 0.245498
-0.231240
 0.941413
 0.659677
-0.097172
 0.745241
-0.190533
-0.827593
 0.528003
-0.754687
 0.654112
-0.050831
-0.437838
 0.881874
 0.174915
 0.614646
 0.763199
-0.199342
-0.369809
 0.570167
 0.733588
-0.921533
 0.133632
 0.364580
 0.764190
 0.644970
-0.005300
 0.019871
-0.929408
 0.368519
 0.094589
-0.415532
 0.904647
-0.269663
 0.888987
 0.370113
-0.044864
-0.228663
 0.972471
 0.468737
 0.839670
 0.274300
-0.709422
-0.292453
 0.641242
-0.900872
-0.434054
-0.005160
-0.614901
 0.158009
 0.772612
-0.512491
 0.768061
 0.383972
 0.585019
 0.686961
 0.431090
-0.023105
 0.925160
 0.378874
-0.520062
-0.294585
 0.801720
-0.464139
 0.840633
-0.279126
 0.954183
 0.101541
-0.281467
-0.096973
-0.646977
-0.756318
 0.474969
 0.386695
 0.790488
-0.786614
 0.181207
 0.590256
-0.892587
 0.449037
-0.040675
-0.297508
-0.270501
 0.915597
 0.068192
 0.986008
 0.152111
-0.552099
 0.600616
 0.578314
 0.072420
-0.626229
 0.776268
 0.292205
-0.681187
 0.671268
-0.389199
 0.176319
 0.904122
-0.325172
-0.940109
-0.102261
 0.992364
-0.064819
-0.104938
 0.331601
 0.621303
 0.709946
 0.236032
-0.935729
 0.262106
 0.672913
-0.556929
 0.486845
 0.457617
-0.051838
 0.887637
-0.683048
-0.067973
 0.727203
-0.260797
 0.400959
 0.878190
 0.231719
 0.001977
 0.972781
-0.969171
 0.232479
-0.081613
 0.781745
 0.102709
 0.615082
-0.334290
 0.752663
 0.567228
 0.228568
 0.910573
 0.344403
-0.396699
-0.691055
 0.604212
 0.981319
 0.188610
-0.037940
-0.905947
-0.359528
 0.223607
 0.476931
-0.291719
 0.829118
 0.823328
-0.130846
 0.552277
 0.783171
 0.575738
-0.234880
 0.418775
 0.823829
-0.382013
 0.140942
 0.809731
 0.569623
-0.408921
-0.902348
 0.136206
-0.655973
 0.734335
 0.174502
-0.687641
 0.399876
 0.606011
-0.572378
-0.508766
 0.643071
 0.936384
-0.303995
-0.175422
-0.507932
 0.373552
 0.776186
 0.366238
 0.202420
 0.908238
