51
-0.182631
 0.665442
 0.723763
 0.947000
-0.276145
-0.164122
-0.466354
 0.469307
 0.749844
-0.888561
 0.047701
 0.456272
 0.986230
-0.074324
 0.147735
 0.981014
 0.115685
-0.155654
 0.497602
 0.749709
 0.436266
 0.636566
 0.628530
-0.446916
-0.685683
 0.199945
 0.699900
-0.398021
 0.116063
 0.910005
 0.121705
-0.686485
 0.716887
 0.511679
 0.462981
-0.723763
 0.168346
 0.525634
-0.833888
 0.471613
 0.513474
 0.716887
-0.302804
 0.930227
-0.207333
 0.871604
-0.467420
 0.147735
 0.281395
 0.226883
 0.932385
-0.379594
-0.879849
 0.285961
 0.861218
 0.093932
 0.499481
-0.281355
-0.754449
 0.592998
-0.668385
-0.735021
 0.114045
-0.131659
 0.335564
 0.932772
 0.000000
-0.000000
 1.000000
 0.669329
-0.195176
 0.716872
 0.496954
-0.856187
-0.141351
 0.396115
-0.765549
 0.506978
-0.774932
 0.437373
 0.456272
 0.615082
 0.170587
 0.769789
-0.645511
-0.145087
 0.749844
-0.168555
 0.979072
 0.114045
 0.107153
 0.988909
-0.102850
-0.745510
-0.432652
-0.506978
 0.140565
 0.533734
 0.833888
 0.168256
 0.787428
 0.592998
 0.821783
 0.313391
-0.475876
 0.441176
 0.891508
 0.102850
-0.291387
-0.212204
 0.932772
 0.765076
-0.624844
-0.155654
-0.016646
 0.899664
-0.436266
 0.936466
 0.293148
 0.192600
 0.152816
 0.945978
 0.285961
 0.632125
-0.750549
 0.192600
-0.524536
 0.705978
 0.475876
 0.384023
-0.111981
 0.916508
-0.879262
-0.454883
 0.141351
-0.198962
 0.872170
 0.446916
-0.675748
 0.542111
-0.499481
 0.115342
-0.342572
 0.932385
 0.867127
-0.252854
 0.429134
 0.755338
 0.621674
 0.207333
 0.426988
-0.474454
 0.769789
