36
-0.442021
 0.233720
 0.866021
 0.265297
 0.963214
-0.042849
 0.014198
 0.835225
 0.549726
-0.918570
-0.395226
-0.005005
-0.579713
 0.813187
-0.051581
 0.892537
 0.236984
 0.383687
 0.843422
-0.180847
 0.505899
-0.745608
 0.303434
 0.593293
 0.133929
-0.265066
 0.954884
-0.309793
 0.894950
 0.321082
 0.327869
 0.180018
 0.927414
 0.643428
-0.565080
 0.516415
 0.345805
 0.874587
 0.339876
 0.057298
 0.888801
-0.454697
-0.316097
-0.214039
 0.924267
 0.344138
-0.857246
 0.383013
 0.663879
 0.219903
 0.714778
-0.937860
-0.079616
 0.337756
 0.682960
 0.605834
 0.408082
-0.019210
 0.522484
 0.852433
 0.993716
-0.058561
 0.095385
 0.661588
 0.749862
 0.002750
-0.397201
 0.624181
 0.672778
-0.513865
-0.506286
 0.692544
 0.290595
-0.606963
 0.739696
 0.917284
-0.336405
-0.213123
-0.122197
-0.615176
 0.778862
-0.126908
 0.991809
-0.014502
-0.065870
 0.123218
 0.990191
-0.673790
 0.661289
 0.329703
-0.788497
-0.485536
 0.377527
 0.540353
-0.214506
 0.813638
 0.382021
 0.587004
 0.713783
 0.850692
-0.499691
 0.163194
-0.462873
-0.796214
 0.389606
-0.703715
-0.115243
 0.701074
