66
-0.521329
-0.419036
 0.743387
-0.269227
-0.644814
 0.715355
-0.997659
 0.020268
 0.065314
 0.168269
-0.024156
 0.985445
-0.796049
-0.537148
 0.278889
 0.841662
 0.479152
 0.249036
 0.913646
-0.030944
 0.405332
-0.572064
 0.768372
-0.286963
 0.742061
-0.040706
 0.669096
 0.600592
-0.589687
 0.539962
-0.808281
 0.527345
-0.261894
-0.580852
-0.776337
 0.244770
-0.790538
 0.523367
 0.318019
-0.779942
-0.353154
 0.516694
 0.968496
 0.174376
 0.177785
 0.318739
-0.779021
 0.539936
-0.303277
-0.827253
 0.472944
 0.037843
-0.634374
 0.772099
 0.742627
-0.351341
-0.570144
-0.177771
 0.528871
 0.829875
 0.427570
 0.496317
 0.755549
-0.011512
 0.265032
 0.964171
-0.569251
-0.632513
 0.525243
 0.747034
 0.664545
 0.017896
-0.141830
-0.986789
-0.078302
 0.008223
-0.842871
 0.538053
 0.485149
 0.871816
 0.067582
 0.833340
 0.260442
 0.487559
-0.606835
 0.157875
 0.778991
-0.468262
 0.449670
 0.760610
 0.732211
-0.681072
 0.002805
 0.012707
 0.969010
-0.246693
 0.296985
 0.893786
 0.336076
-0.589146
 0.763637
 0.264133
-0.935940
-0.170165
 0.308320
-0.315512
 0.212198
 0.924891
 0.128832
 0.541673
 0.830658
-0.132611
-0.065210
 0.989021
 0.929384
-0.213945
-0.300788
 0.341311
-0.560699
 0.754403
 0.625323
 0.251953
 0.738574
-0.318457
 0.887049
 0.334260
 0.661159
 0.526278
 0.534696
-0.680925
-0.145050
 0.717845
 0.283771
-0.920780
 0.267655
-0.461396
 0.887194
 0.000685
 0.599663
-0.327682
 0.730089
-0.166145
 0.984635
 0.053762
 0.604293
 0.730771
 0.317496
 0.338320
-0.284010
 0.897150
-0.426997
-0.105397
 0.898090
-0.255969
 0.747019
 0.613549
-0.910636
 0.410196
 0.049805
 0.368493
 0.730404
 0.575085
-0.958369
 0.223458
-0.177752
-0.310263
-0.932279
 0.185992
 0.048358
-0.358445
 0.932298
 0.308507
 0.255294
 0.916323
-0.018286
 0.928071
 0.371955
-0.246306
-0.379783
 0.891683
-0.546466
 0.639696
 0.540522
 0.928879
 0.365676
-0.058868
 0.057272
 0.772644
 0.632251
 0.809762
-0.325116
 0.488451
 0.491885
-0.010475
 0.870597
-0.844861
 0.035702
 0.533794
