68
-0.085763
-0.964111
 0.251266
 0.938348
 0.244179
-0.244702
 0.015517
 0.939415
 0.342430
 0.199039
 0.975076
 0.098036
-0.590522
 0.786338
 0.181540
 0.321964
-0.452468
 0.831632
-0.933574
-0.355526
-0.045173
 0.045990
-0.611951
 0.789557
-0.820674
 0.552150
 0.147056
-0.164075
 0.809871
 0.563195
 0.653538
 0.494670
 0.572878
 0.409726
 0.662238
 0.627348
 0.294572
 0.168039
 0.940739
-0.015767
-0.831829
 0.554808
-0.768714
 0.142691
 0.623473
 0.227683
 0.501252
 0.834809
 0.407978
-0.910495
 0.067478
 0.005374
 0.308107
 0.951336
 0.680297
-0.726162
 0.099423
-0.744245
-0.411600
 0.526009
 0.961121
-0.268478
-0.064549
 0.590157
 0.043909
 0.806093
 0.874945
-0.455584
 0.164055
-0.372325
-0.915384
 0.153120
 0.282219
-0.734125
 0.617586
 0.538673
-0.552163
 0.636355
-0.681672
 0.579772
 0.446304
-0.500118
-0.441654
 0.744865
-0.203562
-0.425113
 0.881953
-0.385692
 0.603716
 0.697688
 0.046522
-0.026691
 0.998561
-0.632651
-0.161122
 0.757491
 0.499006
 0.346401
 0.794355
-0.622833
-0.753101
 0.211937
 0.474217
-0.798668
 0.370469
-0.617152
-0.704248
-0.350940
-0.315320
 0.364049
 0.876380
-0.322145
-0.835813
 0.444567
 0.771345
 0.223650
 0.595824
-0.348680
-0.177220
 0.920334
-0.283111
 0.929385
 0.236836
-0.563997
-0.654477
 0.503555
-0.518349
-0.848582
-0.105937
-0.949384
 0.164767
-0.267437
-0.855276
 0.338669
 0.392181
 0.129119
 0.768832
 0.626279
-0.842388
-0.129177
 0.523159
 0.603799
-0.265127
 0.751754
-0.269839
-0.666224
 0.695221
-0.817205
-0.523754
 0.240536
 0.203765
-0.922101
 0.328953
-0.610245
 0.393163
 0.687767
-0.446865
 0.773167
 0.450027
 0.818317
-0.064306
 0.571159
-0.952002
 0.065113
 0.299086
 0.100906
-0.994893
 0.002310
-0.225876
 0.080369
 0.970835
-0.078474
 0.588641
 0.804577
 0.701967
-0.602378
 0.379978
 0.796508
-0.346349
 0.495598
-0.768169
-0.637231
-0.062079
-0.835166
-0.445522
-0.322502
-0.524787
 0.117184
 0.843129
 0.935737
 0.144377
 0.321795
 0.352995
-0.146893
 0.924022
 0.059074
-0.311021
 0.948565
 0.329624
 0.864448
 0.379576
-0.998993
-0.040829
-0.018605
