106
 0.008146
-0.774933
 0.631991
-0.760255
 0.503664
 0.410287
-0.866262
-0.369114
-0.336666
-0.833553
 0.233310
 0.500755
 0.806285
-0.587363
 0.070070
 0.391804
 0.753060
 0.528573
-0.337652
 0.752343
 0.565660
 0.258827
 0.043355
 0.964950
 0.310822
-0.742526
 0.593333
 0.707807
 0.690422
 0.149419
-0.368652
 0.177911
 0.912383
-0.480601
-0.715685
 0.506772
-0.131621
 0.203582
 0.970170
-0.916530
-0.370584
 0.150464
-0.286942
-0.419053
 0.861429
 0.615717
-0.120877
 0.778640
 0.495195
 0.085087
 0.864605
 0.404319
 0.546452
 0.733427
-0.264465
-0.039946
 0.963568
-0.515002
 0.844294
-0.148121
 0.210034
 0.707383
 0.674903
 0.000000
 0.000000
 1.000000
-0.061801
 0.429630
 0.900888
 0.845908
-0.293453
 0.445337
-0.799896
-0.589996
 0.109870
-0.410926
 0.841555
 0.350608
 0.734544
 0.569395
 0.369101
 0.566008
 0.351456
 0.745730
-0.763826
-0.302901
 0.569931
-0.235343
 0.621164
 0.747509
-0.309926
-0.881278
 0.356784
 0.947176
 0.148470
 0.284280
 0.792289
-0.087570
 0.603829
 0.688829
 0.133925
 0.712445
 0.677897
-0.689112
 0.256087
-0.474592
 0.537709
 0.696872
-0.982819
 0.150150
 0.107340
-0.310461
 0.411557
 0.856875
-0.151264
-0.975015
 0.162678
-0.158651
 0.896268
 0.414166
-0.808087
 0.560970
 0.179747
 0.010967
 0.627129
 0.778838
 0.027728
-0.999334
-0.023709
 0.924748
-0.379827
-0.023927
 0.346624
-0.883602
 0.314800
 0.907263
 0.201203
-0.369312
-0.681017
 0.402790
 0.611536
-0.523494
-0.806479
 0.274854
-0.545954
 0.295245
 0.784069
-0.550392
-0.378713
 0.744073
-0.982677
-0.113845
 0.146239
-0.959715
-0.272323
-0.069194
-0.690252
-0.642984
 0.331849
-0.133634
-0.240828
 0.961324
-0.863072
 0.440058
-0.247901
 0.499120
-0.354260
 0.790809
-0.532581
 0.014017
 0.846263
 0.386907
-0.161178
 0.907923
 0.159992
-0.872085
 0.462462
-0.388159
-0.917038
 0.091504
-0.709411
 0.125899
 0.693460
 0.367213
 0.293527
 0.882608
 0.097161
-0.969041
 0.226980
-0.285692
 0.956147
-0.064524
-0.403611
-0.582434
 0.705598
 0.843535
 0.150589
 0.515530
-0.008694
-0.440406
 0.897756
-0.245442
-0.770569
 0.588203
 0.315008
 0.892960
 0.321547
 0.226088
 0.969385
 0.095794
-0.568239
 0.651539
 0.502595
 0.512161
-0.740262
 0.435549
-0.424247
-0.213459
 0.880028
-0.902272
 0.328064
 0.279785
-0.937776
 0.062032
 0.341654
-0.220107
 0.957859
 0.184550
 0.123192
 0.249363
 0.960542
-0.630731
-0.773494
 0.062338
 0.996119
 0.006144
 0.087801
 0.247101
-0.392459
 0.885955
-0.630116
 0.724630
 0.279043
-0.150212
-0.616628
 0.772791
 0.860877
 0.495684
 0.114840
-0.831844
-0.041194
 0.553479
 0.485009
 0.864166
 0.134104
 0.924099
-0.073913
 0.374937
 0.724477
-0.530201
 0.440476
-0.080271
-0.906086
 0.415409
-0.666255
-0.148712
 0.730746
-0.458728
 0.881560
 0.111444
 0.130438
 0.863969
 0.486358
 0.555881
 0.754258
 0.349416
 0.693550
-0.337114
 0.636665
 0.736204
 0.373880
 0.564107
 0.128769
-0.201585
 0.970970
 0.556716
-0.563767
 0.610109
 0.582796
 0.579959
 0.569207
 0.043318
 0.961468
 0.271482
 0.358585
-0.561484
 0.745757
 0.121685
-0.620043
 0.775074
-0.818746
-0.442216
 0.366197
-0.071696
 0.788694
 0.610591
 0.200733
 0.478006
 0.855112
 0.959404
-0.222272
 0.173607
-0.639155
-0.526279
 0.560813
 0.659828
-0.750659
-0.033736
