143
 0.089966
-0.562737
 0.821726
-0.264487
 0.690007
 0.673748
-0.158967
 0.160674
 0.974122
 0.158457
 0.405658
 0.900185
 0.337815
-0.299853
 0.892171
-0.493448
-0.526557
 0.692276
 0.296687
 0.538242
 0.788843
 0.803188
-0.261253
 0.535385
-0.975115
 0.219921
 0.028018
-0.469507
 0.280857
 0.837068
 0.624056
 0.542636
 0.562227
-0.587452
-0.167005
 0.791839
-0.787331
-0.508623
 0.348444
-0.635774
-0.684775
 0.356194
 0.209275
 0.912185
 0.352311
-0.130606
 0.823294
 0.552385
 0.277031
-0.673103
 0.685701
 0.943407
 0.067827
 0.324627
 0.094382
 0.833359
 0.544615
 0.705499
 0.598256
 0.379949
-0.998201
-0.009361
 0.059214
 0.312907
 0.939665
 0.138273
-0.543161
 0.057649
 0.837647
 0.043336
 0.210209
 0.976696
-0.300878
-0.488920
 0.818798
-0.263654
-0.286839
 0.920983
 0.277342
-0.960302
-0.030036
 0.855229
-0.024408
 0.517676
 0.531294
-0.188947
 0.825848
-0.576105
-0.800595
 0.164776
 0.061156
 0.570615
 0.818938
-0.610805
 0.785580
-0.098900
-0.351798
 0.907663
 0.228879
-0.093350
-0.434185
 0.895974
-0.634033
-0.367831
 0.680222
-0.964476
 0.140928
 0.223441
 0.730715
-0.092204
 0.676427
 0.376613
-0.083409
 0.922608
 0.599325
-0.651056
 0.465764
-0.456352
-0.825809
 0.331334
 0.491218
-0.868598
-0.065125
 0.413680
-0.899682
 0.139430
-0.959952
-0.093432
 0.264128
-0.495619
-0.691821
 0.525115
-0.654970
-0.538841
 0.529778
 0.492553
-0.409067
 0.768150
 0.754119
-0.507621
 0.416683
-0.141648
-0.906519
 0.397693
-0.357552
 0.109315
 0.927473
 0.739582
 0.127132
 0.660951
-0.411409
-0.118175
 0.903758
 0.654333
-0.468390
 0.593683
-0.510271
-0.855263
-0.090273
-0.749193
 0.338889
 0.569091
-0.770175
 0.636470
-0.041667
-0.982403
-0.149632
-0.111779
 0.124624
-0.378353
 0.917234
-0.808083
 0.120799
 0.576549
 0.849568
 0.198834
 0.488569
-0.359153
 0.793337
 0.491554
-0.316218
-0.814557
 0.486316
-0.064441
 0.392328
 0.917565
-0.541129
 0.698109
 0.468852
 0.523474
-0.794890
 0.306799
-0.155255
-0.768293
 0.620985
-0.750054
-0.637402
 0.176457
 0.195614
 0.701338
 0.685464
-0.930548
-0.360481
-0.064300
-0.052547
-0.977057
 0.206396
-0.166249
 0.554338
 0.815519
 0.103357
-0.930690
 0.350903
-0.875029
 0.269442
 0.402150
-0.966567
-0.234101
 0.104615
-0.689874
 0.649518
 0.319688
-0.662030
 0.739550
 0.121584
 0.519621
 0.459322
 0.720429
-0.570635
 0.426231
 0.701928
-0.747142
-0.187343
 0.637716
 0.986311
-0.071331
 0.148669
 0.012485
-0.850867
 0.525232
-0.331118
-0.661059
 0.673322
 0.700264
-0.664601
 0.260645
 0.418782
-0.753100
 0.507406
-0.660175
 0.531309
 0.530923
-0.594755
-0.760404
-0.260868
 0.396460
 0.351493
 0.848099
-0.812040
 0.560915
 0.161137
-0.785300
-0.357898
 0.505187
-0.801040
 0.469113
 0.371844
 0.475067
-0.590045
 0.652808
-0.518066
 0.804843
 0.289544
 0.257054
 0.224116
 0.940051
 0.064344
-0.721627
 0.689286
 0.703561
 0.342334
 0.622743
-0.035408
 0.712102
 0.701183
-0.835777
-0.549061
-0.002780
-0.218031
 0.899578
 0.378446
 0.417935
 0.642926
 0.641854
-0.216299
-0.066826
 0.974037
-0.864923
-0.129826
 0.484824
 0.519357
 0.717198
 0.464646
-0.457077
-0.338103
 0.822659
 0.923928
-0.145010
 0.354019
 0.192538
-0.967486
 0.164011
 0.313334
 0.797060
 0.516253
-0.281968
-0.927006
 0.247293
 0.098371
 0.980726
 0.168820
-0.268672
 0.335665
 0.902854
-0.865695
 0.348125
-0.359697
-0.708989
 0.003177
 0.705212
-0.054062
-0.230996
 0.971452
-0.898705
 0.438550
-0.001571
-0.009875
-0.013440
 0.999861
-0.910727
 0.360066
 0.202307
 0.221249
-0.819510
 0.528632
 0.917389
 0.275999
 0.286744
-0.459806
 0.612937
 0.642563
 0.798171
 0.407995
 0.443241
 0.201393
 0.029833
 0.979056
-0.652327
 0.220488
 0.725158
-0.672759
-0.739837
-0.006106
-0.897309
-0.292915
 0.330207
-0.909869
 0.055356
 0.411186
-0.124788
 0.974241
 0.187836
 0.162465
-0.177647
 0.970591
-0.124963
-0.616758
 0.777170
-0.369279
 0.488879
 0.790336
-0.002669
 0.928086
 0.372355
 0.037862
-0.999234
 0.009887
 0.406116
 0.910114
-0.082226
-0.850228
-0.470288
-0.236522
 0.192664
 0.980463
-0.039660
 0.322359
-0.883833
 0.339004
 0.746830
 0.642443
 0.171791
 0.411262
 0.854856
 0.316362
 0.300360
-0.501894
 0.811102
 0.660945
-0.289516
 0.692338
 0.941738
-0.291257
 0.168223
 0.582622
 0.243265
 0.775483
 0.435970
 0.120009
 0.891924
-0.886210
-0.432370
 0.166394
 0.840684
-0.503016
 0.200564
 0.595542
 0.015152
 0.803181
