113
 0.271998
 0.595449
 0.755948
-0.964973
 0.260717
 0.029227
-0.666514
 0.565136
 0.486191
-0.135317
 0.473109
 0.870550
 0.611103
-0.206851
 0.764046
-0.258454
-0.886484
 0.383859
-0.530809
 0.754344
 0.386272
-0.138988
 0.921773
 0.361964
-0.936040
 0.217374
 0.276726
-0.727504
 0.631469
 0.268299
 0.898124
 0.393519
 0.196255
-0.357144
 0.486170
 0.797551
 0.256111
 0.957190
 0.134884
-0.260713
-0.955833
 0.135689
 0.836090
-0.299628
 0.459540
 0.840017
 0.121763
 0.528721
 0.184273
-0.901763
 0.390983
 0.474230
-0.428318
 0.769187
-0.502703
-0.380199
 0.776362
 0.573362
 0.556648
-0.601165
-0.214685
 0.672771
 0.708018
-0.368511
 0.893189
 0.257705
-0.800010
-0.598247
-0.045656
-0.931619
-0.021257
 0.362815
-0.822197
 0.394097
 0.410706
-0.574482
 0.805650
 0.144565
-0.090256
 0.243916
 0.965587
 0.784964
-0.123227
 0.607163
-0.605783
-0.147378
 0.781861
-0.055156
 0.814225
 0.577924
-0.462894
-0.844781
 0.268466
 0.334178
 0.389840
 0.858108
-0.640599
-0.759683
 0.111865
-0.746753
 0.664302
 0.032598
 0.113129
-0.233211
 0.965823
 0.710555
 0.313604
 0.629892
-0.420598
-0.746828
 0.515116
-0.678481
 0.090677
 0.729000
 0.918393
-0.070346
 0.389365
-0.039138
-0.977403
-0.207728
 0.943053
-0.253349
 0.215559
-0.443013
 0.661663
 0.604932
-0.385314
-0.188250
 0.903380
 0.989424
-0.034976
 0.140771
 0.690086
 0.062903
 0.720989
 0.438502
 0.680451
 0.587114
 0.347895
-0.781367
 0.518108
-0.644078
-0.752358
-0.138277
 0.098843
 0.442201
 0.891453
 0.393404
-0.919365
 0.000525
 0.140516
 0.210155
 0.967518
 0.550861
-0.745125
 0.375952
-0.186131
 0.971760
-0.145047
-0.471353
 0.042292
 0.880930
 0.877138
-0.477485
 0.051347
-0.843009
 0.457858
-0.282317
-0.745364
-0.488253
 0.453918
-0.274112
-0.409366
 0.870219
 0.023151
 0.646971
 0.762163
-0.036287
-0.872195
 0.487810
-0.137384
-0.610431
 0.780064
-0.369296
-0.592944
 0.715568
-0.243377
 0.027602
 0.969539
 0.247079
-0.038876
 0.968215
-0.184668
 0.976977
 0.106833
-0.963511
-0.187714
 0.190813
-0.761535
-0.577318
-0.294565
-0.876640
-0.392088
 0.278873
 0.523729
-0.608539
 0.596144
 0.701653
-0.553004
 0.449299
 0.389938
-0.883034
 0.261150
 0.317319
-0.624202
 0.713919
-0.789704
-0.077974
 0.608513
-0.038814
-0.963438
 0.265106
 0.120149
 0.904171
 0.409926
-0.700234
-0.324412
 0.635947
 0.677066
-0.387846
 0.625426
-0.722875
 0.309966
 0.617554
-0.191599
-0.763015
 0.617331
 0.829256
 0.362007
 0.425777
 0.662659
 0.536013
 0.523042
 0.340488
 0.840252
 0.421953
 0.938854
 0.164229
 0.302626
 0.365864
 0.160933
 0.916648
 0.381672
-0.232540
 0.894568
 0.551630
 0.251087
 0.795399
-0.449437
-0.864922
-0.223422
 0.239394
-0.428493
 0.871254
 0.513498
 0.482789
 0.709391
 0.506369
-0.019796
 0.862090
 0.188620
 0.768839
 0.610990
 0.090177
-0.606074
 0.790280
-0.145211
-0.204272
 0.968084
-0.912600
-0.406465
 0.044130
-0.993533
 0.034934
 0.108038
-0.857893
-0.238446
 0.455151
 0.112652
-0.769934
 0.628101
-0.458412
-0.888560
 0.017884
-0.848476
 0.143974
 0.509274
-0.000000
 0.000000
 1.000000
-0.777124
-0.594814
 0.205608
 0.576362
 0.720475
 0.385646
-0.042384
-0.998689
 0.028698
-0.563356
 0.471171
 0.678695
-0.618558
-0.689887
 0.376088
-0.299969
 0.813839
 0.497680
-0.872596
 0.452268
 0.184472
 0.723981
-0.656131
 0.212938
 0.576257
-0.809690
 0.111038
-0.316946
 0.263845
 0.911006
-0.529810
 0.268956
 0.804341
-0.027867
-0.418289
 0.907887
 0.980449
 0.188553
 0.056282
