73
-0.994967
 0.012813
 0.099380
 0.071611
 0.284941
-0.955867
-0.652946
-0.725634
 0.217063
-0.642952
 0.765884
 0.005760
-0.958319
-0.282800
-0.040593
-0.214846
 0.874605
-0.434634
-0.393449
-0.573014
 0.718925
-0.000000
 0.000000
-1.000000
-0.847351
-0.469907
-0.247354
 0.463081
-0.359894
 0.809958
-0.850617
 0.520060
-0.077380
 0.456275
 0.888855
-0.041838
 0.248690
-0.181439
 0.951438
 0.979327
 0.037588
 0.198758
 0.535688
-0.057285
 0.842470
-0.750192
 0.107871
 0.652362
 0.810339
 0.183801
-0.556388
-0.351481
 0.496081
 0.793955
-0.313636
-0.119247
-0.942026
-0.169881
-0.692253
-0.701374
 0.692426
-0.662771
 0.285098
-0.937894
 0.306732
 0.162079
 0.957219
-0.250554
 0.144758
 0.249156
-0.887861
-0.386813
 0.659943
-0.584594
-0.471937
-0.302976
-0.043869
 0.951988
-0.114980
-0.560008
 0.820470
 0.356831
-0.929805
-0.090187
-0.919866
 0.053299
 0.388595
-0.829551
 0.335054
 0.446748
 0.549116
 0.676293
-0.491019
-0.371582
-0.869305
 0.325937
-0.539171
-0.270770
-0.797482
 0.789239
-0.577789
-0.207993
 0.234807
 0.949156
 0.209684
 0.535451
-0.792896
-0.290875
 0.717303
 0.691691
 0.083904
 0.611875
-0.392096
-0.686927
 0.068897
 0.924527
-0.374837
-0.652556
-0.634856
-0.413676
 0.852618
 0.510045
-0.113565
-0.480061
-0.573877
-0.663481
-0.065692
 0.746945
-0.661633
 0.747319
 0.082595
 0.659312
 0.717025
 0.391022
 0.577042
 0.145233
-0.979083
 0.142489
-0.440116
 0.876581
-0.194691
-0.506307
-0.827685
-0.242055
 0.059144
-0.985625
-0.158255
-0.056459
-0.889558
-0.453320
-0.227322
-0.778858
 0.584555
-0.053303
 0.532527
 0.844733
 0.591974
 0.119894
-0.796989
 0.930507
 0.243396
-0.273706
 0.166370
-0.466212
 0.868889
 0.414515
-0.699337
-0.582327
-0.286147
-0.445461
-0.848342
 0.367589
 0.322668
-0.872218
 0.162665
 0.982784
-0.087609
-0.886161
-0.219460
-0.408112
-0.503293
 0.170464
 0.847136
 0.629724
 0.396707
-0.667886
-0.340048
 0.630705
-0.697552
 0.830058
-0.401390
 0.387156
 0.230393
-0.256843
-0.938590
-0.776250
-0.478876
 0.410016
 0.887439
-0.107201
 0.448286
-0.626687
 0.513127
-0.586484
 0.351655
 0.797019
 0.491019
 0.475870
-0.746172
 0.465590
 0.714010
-0.233997
 0.659875
-0.132433
 0.747801
 0.650580
-0.064481
-0.284249
-0.956580
