25
-0.390766
 0.445739
 0.805368
-0.207574
-0.064662
 0.976080
-0.695120
-0.716447
 0.059252
 0.603415
-0.536675
 0.589806
 0.869788
-0.131387
 0.475612
 0.348154
 0.902751
 0.252644
-0.841901
-0.429795
-0.326312
 0.026932
 0.992875
-0.116078
 0.199282
-0.822464
 0.532766
-0.866657
-0.349331
 0.356193
 0.328448
-0.243190
 0.912678
-0.536597
-0.448887
 0.714537
-0.639476
 0.653882
 0.404362
 0.137832
 0.291341
 0.946638
 0.900413
-0.230926
-0.368687
-0.372910
-0.822287
 0.429862
-0.668219
 0.036606
 0.743064
-0.229908
 0.922003
 0.311534
 0.002286
 0.727683
 0.685910
 0.487929
 0.607072
 0.627207
-0.868181
 0.488192
-0.089047
-0.997594
-0.063085
-0.028748
-0.057425
-0.548469
 0.834196
 0.613080
 0.142607
 0.777043
-0.522776
 0.844196
-0.118489
