70
-0.632083
-0.100805
 0.768316
-0.326319
 0.315787
 0.890952
-0.164525
 0.595720
 0.786161
-0.794836
 0.604268
-0.055646
-0.949016
-0.310929
 0.051889
 0.332731
 0.791680
 0.512379
 0.214754
 0.145336
 0.965794
-0.652071
-0.449212
 0.610747
-0.820826
 0.102655
 0.561878
-0.399404
 0.006705
 0.916751
-0.844610
-0.413921
 0.339563
 0.852303
 0.436193
 0.288643
 0.220917
-0.945682
 0.238498
-0.106029
 0.075760
 0.991473
-0.445136
-0.662910
 0.602000
 0.524653
 0.256073
 0.811890
-0.954620
 0.128510
-0.268675
-0.744274
 0.395867
 0.537908
 0.470998
 0.852656
 0.226138
 0.469785
 0.558145
 0.683941
-0.168574
-0.797514
 0.579271
 0.649231
-0.497422
 0.575388
-0.023370
 0.371988
 0.927943
-0.604009
 0.653568
 0.456095
-0.098207
-0.949890
 0.296756
-0.854094
 0.414387
-0.314337
-0.454483
-0.349542
 0.819308
-0.409544
 0.852290
 0.325385
 0.140685
 0.656402
 0.741177
-0.927526
 0.227126
 0.296833
 0.326536
-0.370787
 0.869420
 0.717048
 0.676585
 0.167558
-0.813972
-0.575288
 0.080573
 0.089537
-0.663921
 0.742423
-0.304166
-0.951807
 0.039325
-0.818931
 0.516109
 0.250964
-0.117196
 0.945919
 0.302494
 0.522428
-0.841223
 0.139331
 0.185582
 0.944552
 0.270890
-0.941888
 0.335890
-0.005052
-0.229541
-0.559632
 0.796318
-0.390544
-0.853893
 0.344009
-0.631330
 0.762385
 0.142099
-0.204785
-0.232598
 0.950769
-0.723491
-0.370106
-0.582738
 0.623317
 0.642327
 0.445973
-0.602419
 0.222504
 0.766540
-0.314794
 0.947708
 0.052484
 0.814766
-0.202553
 0.543258
 0.000187
 0.999997
 0.002594
 0.670239
-0.664066
 0.331355
 0.591760
-0.273477
 0.758308
-0.577294
-0.811804
 0.087789
 0.271795
 0.421008
 0.865378
 0.695603
 0.033665
 0.717637
-0.478670
 0.518876
 0.708268
-0.294052
 0.759162
 0.580695
 0.434338
-0.051156
 0.899296
-0.809663
-0.198506
 0.552306
 0.420325
-0.786484
 0.452514
 0.653847
 0.666597
-0.357956
 0.998864
-0.032942
-0.034444
 0.123168
-0.146201
 0.981557
-0.867207
-0.121609
-0.482870
 0.129424
-0.848570
 0.513010
 0.025912
-0.426779
 0.903984
 0.962944
 0.174971
 0.205243
-0.949079
-0.095741
 0.300138
 0.010281
 0.835840
 0.548877
 0.386863
-0.607474
 0.693767
