39
 0.347153
 0.508688
 0.787859
-0.078282
 0.947920
 0.308739
 0.631909
 0.764615
 0.126708
 0.988533
 0.143494
-0.047031
 0.192917
-0.976621
 0.094843
 0.291491
 0.834533
 0.467534
 0.498874
-0.585235
 0.639237
 0.801485
-0.597122
-0.032657
-0.144644
-0.937323
 0.317023
 0.012081
-0.114745
 0.993322
-0.625179
-0.176163
 0.760340
 0.702102
-0.175371
 0.690144
 0.800827
-0.453784
 0.390839
-0.014742
 0.694437
 0.719403
-0.878699
-0.177390
 0.443193
 0.192259
-0.833283
 0.518339
-0.921493
 0.222000
 0.318694
-0.366381
 0.765325
 0.529190
 0.385601
 0.118180
 0.915066
 0.549586
-0.791079
 0.268604
 0.920391
 0.018063
 0.390582
-0.349828
 0.074056
 0.933882
 0.364182
-0.286254
 0.886245
-0.632981
-0.531079
 0.563285
-0.001472
 0.320596
 0.947215
 0.877627
 0.410926
 0.246800
 0.076526
-0.565476
 0.821207
-0.530028
-0.803470
 0.271120
 0.500102
-0.852700
-0.150998
-0.835436
-0.520972
 0.175031
-0.388262
 0.461512
 0.797658
 0.703022
 0.242172
 0.668665
-0.264781
-0.961753
-0.070160
-0.293581
-0.379303
 0.877462
 0.623223
 0.602331
 0.498789
-0.705112
 0.213058
 0.676330
-0.703858
 0.557815
 0.439803
-0.265884
-0.721690
 0.639116
 0.965898
-0.244797
 0.084355
