72
-0.115683
-0.463514
 0.878506
 0.871651
-0.266696
 0.411216
 0.005362
-0.687842
 0.725840
 0.799129
 0.584576
-0.140228
-0.649736
-0.758601
-0.048660
 0.431880
-0.896164
 0.101836
-0.000000
-0.000000
 1.000000
-0.913278
 0.111970
 0.391646
 0.107896
 0.746541
 0.656533
 0.234467
-0.521836
 0.820190
-0.686573
-0.303320
 0.660768
 0.335792
-0.919666
-0.203613
-0.674853
 0.620353
 0.399669
-0.346446
-0.836199
 0.425142
 0.725959
 0.224216
 0.650162
-0.132922
 0.858998
 0.494423
-0.878673
 0.444506
-0.174208
 0.425553
-0.293043
 0.856172
-0.934986
-0.319437
 0.154148
-0.049458
-0.867813
 0.494423
 0.823822
 0.388803
 0.412492
-0.857950
 0.396556
 0.326596
 0.192224
 0.894635
 0.403333
 0.261320
-0.766661
 0.586467
 0.446831
 0.862338
 0.238151
 0.784505
-0.070008
 0.616158
-0.127314
-0.966738
 0.221829
 0.991593
 0.025836
-0.126790
-0.044679
 0.971523
 0.232696
 0.302897
-0.006729
 0.953000
 0.415382
 0.732569
 0.539260
 0.912175
 0.090560
 0.399669
-0.529859
 0.536810
 0.656570
 0.598362
 0.502728
 0.623880
-0.426697
 0.777461
 0.462043
-0.685548
 0.710807
-0.157408
-0.810119
 0.579164
 0.090973
-0.208560
 0.921158
-0.328590
 0.596191
-0.788724
-0.149903
-0.529766
-0.112242
 0.840684
 0.664924
-0.337324
 0.666400
-0.757805
 0.007565
 0.652437
 0.484887
 0.273006
 0.830875
-0.603669
-0.735601
 0.307368
-0.885309
-0.180781
 0.428423
-0.287977
-0.673464
 0.680820
 0.497403
-0.775087
 0.389655
 0.321098
 0.541650
 0.776860
 0.115288
-0.273553
 0.954923
-0.232611
-0.201155
 0.951540
-0.958779
 0.274375
 0.073902
-0.779535
-0.466871
 0.417560
 0.491042
-0.576940
 0.652701
-0.562242
 0.212891
 0.799100
 0.966253
 0.219906
 0.134151
 0.717726
-0.547846
 0.429807
-0.427449
-0.896692
 0.115022
 0.207746
 0.975387
 0.073902
 0.664070
 0.658827
 0.353494
 0.571507
-0.025829
 0.820190
 0.207840
 0.286397
 0.935296
-0.555678
-0.594828
 0.580863
-0.740983
 0.321920
 0.589332
 0.850789
 0.506061
 0.141638
-0.322145
 0.090482
 0.942356
-0.088550
 0.281301
 0.955525
 0.006787
 0.538938
 0.842318
-0.424248
-0.411413
 0.806693
-0.235907
 0.670057
 0.703826
-0.979564
 0.103765
-0.172299
-0.331316
 0.416163
 0.846781
-0.129065
 0.990294
-0.051572
