62
 0.613428
-0.404937
 0.678036
 0.663289
-0.066595
 0.745394
-0.146632
 0.988109
-0.046257
 0.775482
-0.507281
 0.375890
 0.851827
 0.434292
-0.292885
 0.659022
-0.598760
-0.455166
 0.046419
-0.938290
 0.342719
-0.418627
-0.805342
 0.419734
-0.175218
 0.772659
 0.610161
-0.145225
-0.355369
-0.923376
-0.703753
 0.331392
 0.628419
 0.988511
 0.063222
 0.137295
-0.862812
 0.409674
 0.296181
-0.134150
-0.810783
 0.569767
 0.121550
 0.653868
 0.746782
-0.256544
-0.379826
 0.888773
 0.653627
 0.523931
 0.546140
 0.407762
-0.210195
 0.888566
-0.159395
 0.511415
 0.844422
-0.016639
-0.606255
 0.795096
 0.692030
-0.705754
-0.151673
 0.212407
-0.779178
 0.589716
-0.114627
-0.110167
 0.987281
 0.109259
-0.337709
 0.934888
 0.441278
-0.895450
-0.058678
-0.812304
-0.217626
 0.541111
-0.563562
-0.306087
 0.767273
 0.134489
 0.984787
 0.110033
-0.158282
 0.944964
 0.286338
-0.238416
-0.951502
 0.194425
 0.782679
 0.621810
 0.027685
 0.831801
-0.205354
 0.515691
 0.523338
-0.681507
 0.511533
-0.502676
-0.864166
 0.023107
 0.329227
-0.536210
 0.777231
 0.376913
 0.884276
 0.275668
-0.452906
 0.286030
 0.844431
-0.884005
 0.111203
 0.454059
 0.390861
 0.725412
 0.566573
-0.964569
-0.119653
 0.235136
-0.977954
 0.180028
 0.105814
 0.449170
 0.153922
 0.880088
 0.662248
 0.704074
-0.256333
-0.684393
 0.021474
 0.728797
-0.436913
 0.580414
 0.687188
 0.704373
 0.242667
 0.667062
 0.643867
 0.709475
 0.286496
-0.370502
-0.611014
 0.699564
-0.418336
-0.040287
 0.907399
 0.649737
-0.738626
 0.179650
-0.151495
 0.208735
 0.966167
 0.374461
-0.881523
 0.287570
-0.102890
-0.876525
-0.470232
-0.647456
-0.532607
 0.545097
 0.420003
 0.463570
 0.780192
-0.430112
 0.813479
 0.391478
 0.176156
 0.023979
 0.984070
 0.944071
-0.243921
 0.221884
-0.890639
-0.102158
-0.443086
 0.865679
-0.499390
 0.034792
-0.938963
-0.343729
-0.014139
 0.856123
 0.403896
 0.322367
