82
 0.159779
 0.694686
 0.701343
-0.677855
 0.388286
 0.624297
 0.073351
 0.490925
 0.868108
 0.490070
 0.871564
 0.014423
 0.057701
-0.266218
 0.962184
-0.242590
-0.842802
-0.480452
-0.679152
-0.578511
-0.451750
-0.945255
-0.050982
 0.322325
-0.330518
 0.773583
 0.540673
-0.230152
 0.928461
 0.291532
-0.058722
 0.998195
-0.012614
 0.900102
-0.206647
 0.383553
-0.568252
 0.821758
 0.042469
-0.433986
-0.366368
 0.823062
 0.735394
-0.666070
 0.124683
 0.338268
-0.356668
 0.870840
 0.372207
-0.797760
 0.474385
 0.739997
-0.425214
 0.521150
-0.292310
 0.109704
 0.950010
 0.835250
 0.546108
-0.064220
-0.362238
-0.623506
 0.692838
 0.286951
-0.069565
 0.955416
-0.888059
 0.457805
 0.042025
 0.474178
 0.203732
 0.856533
-0.477750
 0.288559
 0.829752
-0.212210
 0.941215
-0.262833
-0.491875
-0.064347
 0.868285
 0.214871
 0.975706
-0.042752
-0.489797
 0.842147
-0.225582
-0.853264
 0.203297
 0.480219
 0.135162
-0.670926
-0.729102
 0.636635
-0.658025
 0.402117
 0.110975
-0.513751
 0.850732
-0.519877
-0.720976
 0.458172
-0.075940
-0.698058
 0.712002
 0.381287
 0.885287
-0.266244
 0.752945
-0.147081
 0.641436
 0.354073
 0.465253
 0.811278
-0.062745
 0.267298
 0.961569
-0.488182
 0.816649
 0.307834
-0.516040
-0.781924
-0.349710
 0.323595
-0.945952
-0.021466
-0.659677
-0.234075
 0.714168
 0.833596
 0.323785
 0.447528
 0.074936
-0.853585
 0.515536
-0.733335
 0.652357
 0.191443
 0.537244
-0.073768
 0.840195
 0.756906
 0.552973
-0.348301
 0.440804
 0.655872
 0.612800
 0.080088
 0.952188
-0.294830
-0.232835
-0.184747
 0.954807
 0.950162
 0.295169
 0.100340
-0.955474
 0.219532
 0.197169
 0.237508
-0.680718
 0.692974
 0.641856
 0.744835
-0.182322
 0.218502
 0.219499
 0.950830
-0.618358
 0.627685
 0.472911
 0.870446
 0.062931
 0.488225
-0.310444
-0.924578
-0.220863
 0.615702
 0.412218
 0.671556
-0.824474
 0.444765
 0.349897
-0.971767
 0.213213
-0.101041
 0.688443
 0.713143
 0.132186
 0.853686
-0.454545
 0.254184
-0.827292
-0.316113
 0.464393
-0.171900
-0.461931
 0.870098
 0.489103
-0.579730
 0.651683
-0.817262
-0.056330
 0.573506
-0.669382
 0.113422
 0.734209
-0.244549
 0.447249
 0.860328
 0.040329
 0.965840
 0.255980
 0.969153
 0.060920
 0.238813
 0.702363
 0.147529
 0.696363
 0.573799
-0.339479
 0.745325
-0.445317
 0.563361
 0.695929
-0.045029
 0.853328
 0.519426
-0.618188
-0.497134
 0.608853
-0.237357
-0.825979
 0.511293
-0.930045
-0.312737
 0.192902
 0.836195
 0.497642
 0.230501
 0.000000
-0.000000
 1.000000
-0.997990
-0.041366
 0.048018
