79
-0.118538
 0.490723
 0.863215
 0.312615
-0.770199
 0.555937
 0.583600
-0.668099
 0.461578
 0.493701
-0.869459
-0.017316
-0.990635
 0.131585
-0.036426
-0.278806
-0.741675
 0.610070
 0.161552
 0.405033
 0.899916
 0.581561
 0.616211
 0.531103
-0.045226
-0.095966
 0.994357
-0.304287
-0.018495
 0.952401
 0.786934
 0.441205
 0.431361
 0.983487
 0.167954
 0.067419
-0.802266
 0.348785
 0.484477
 0.952378
 0.030066
 0.303434
 0.119874
 0.657098
 0.744212
-0.638940
-0.742088
 0.202637
 0.391877
-0.873958
 0.287455
-0.125887
 0.734403
 0.666937
-0.235439
-0.325420
 0.915789
-0.321815
 0.916893
 0.236099
 0.899230
 0.394687
 0.188698
-0.538759
 0.065040
 0.839945
 0.018780
-0.792556
 0.609510
 0.367353
-0.365469
 0.855269
-0.977038
-0.068465
 0.201767
-0.083699
 0.208652
 0.974402
 0.458738
 0.823017
 0.334965
 0.917991
-0.265041
 0.295036
 0.910293
-0.413917
 0.006182
-0.575560
 0.376971
 0.725688
 0.633069
-0.747459
 0.201319
 0.328185
 0.740866
 0.586014
 0.445773
 0.236930
 0.863221
-0.867219
-0.262734
 0.422968
-0.620004
 0.585692
 0.522073
-0.774953
-0.530420
 0.343660
-0.153309
-0.911354
 0.382009
-0.919106
-0.367417
 0.142300
 0.590584
-0.757135
-0.279208
-0.732360
-0.139592
 0.666456
 0.847298
 0.181935
 0.498985
 0.492004
-0.538642
 0.683957
-0.391282
 0.771101
 0.502296
 0.707762
 0.660352
 0.251015
 0.149001
 0.884746
 0.441614
 0.068185
 0.992090
-0.105396
-0.024944
 0.984082
 0.175956
-0.801560
-0.597733
 0.014713
 0.350028
 0.930809
-0.105239
 0.197643
 0.130319
 0.971573
 0.401212
 0.509383
 0.761287
 0.055222
-0.389862
 0.919216
 0.689228
 0.060349
 0.722027
-0.503185
-0.237308
 0.830957
 0.940615
-0.243065
-0.236987
-0.411010
-0.511811
 0.754400
-0.734750
 0.146018
 0.662436
-0.892335
 0.035918
 0.449942
 0.747296
-0.663409
-0.037909
 0.829424
-0.128498
 0.543639
 0.645532
 0.349790
 0.678922
 0.124445
-0.927778
 0.351769
 0.121531
-0.889765
-0.439940
-0.347307
 0.295611
 0.889939
-0.422582
-0.832198
 0.358984
-0.559995
-0.645701
 0.519110
 0.809131
-0.527528
 0.258884
-0.221099
 0.973638
-0.056077
 0.225905
-0.150850
 0.962399
-0.805735
 0.526317
 0.271628
 0.476826
-0.052047
 0.877456
-0.116359
-0.590346
 0.798719
 0.628459
-0.256539
 0.734320
 0.195116
-0.606664
 0.770642
 0.261323
 0.950623
 0.167411
-0.670049
-0.408805
 0.619607
 0.743908
-0.417185
 0.522071
-0.369595
 0.576026
 0.729104
-0.560134
-0.826174
-0.060711
