121
-0.600352
-0.319758
 0.733030
-0.846943
-0.445872
 0.289630
-0.738878
 0.439422
 0.510849
 0.781240
 0.519106
 0.346688
-0.771247
 0.564913
 0.293343
 0.717659
-0.420918
 0.554792
 0.085923
 0.991313
-0.099578
-0.170408
 0.436652
 0.883344
-0.422126
 0.805228
 0.416435
-0.499159
-0.864448
 0.059750
-0.102169
 0.062677
 0.992791
 0.994960
 0.011165
-0.099652
-0.060049
 0.952900
-0.297280
 0.890397
-0.447112
-0.085350
-0.937677
 0.146648
 0.315050
 0.619128
 0.750238
-0.231999
 0.365922
-0.687151
 0.627634
 0.445106
 0.797001
 0.408252
 0.060129
 0.988720
 0.137178
-0.348621
-0.656077
 0.669348
-0.494467
 0.850312
-0.180196
-0.948902
-0.263581
 0.173523
 0.289260
 0.953996
 0.078872
 0.639588
-0.268835
 0.720177
-0.025036
-0.856571
 0.515421
 0.720182
-0.046751
 0.692208
-0.272976
 0.223996
 0.935580
 0.878176
-0.363756
-0.310625
 0.762572
 0.179421
 0.621524
 0.484716
 0.855701
 0.181179
 0.204650
-0.347241
 0.915173
 0.260677
 0.917345
 0.300874
 0.716384
 0.432549
 0.547444
-0.226566
 0.765062
 0.602783
-0.652577
 0.289298
 0.700321
-0.174133
-0.553875
 0.814187
 0.867534
-0.351021
 0.352376
 0.979181
 0.195085
 0.056092
 0.421991
 0.324721
 0.846451
-0.749748
-0.174748
 0.638233
-0.421154
-0.848296
 0.320972
-0.969604
 0.226359
 0.092896
 0.372362
 0.693543
 0.616721
 0.201245
-0.851428
 0.484326
-0.719308
 0.070992
 0.691054
 0.580627
 0.112780
 0.806321
-0.019952
 0.277466
 0.960528
 0.908027
 0.363461
 0.208288
-0.505894
-0.522349
-0.686457
-0.357650
 0.004662
 0.933844
-0.169179
 0.968505
 0.182695
-0.101101
-0.722440
 0.684002
-0.618166
 0.636190
 0.461663
-0.352108
 0.935914
-0.009164
 0.370432
 0.102460
 0.923191
 0.515632
-0.479913
 0.709793
-0.736927
-0.410347
 0.537172
 0.575657
-0.615579
 0.538221
 0.991493
-0.059041
 0.115997
-0.008131
 0.818888
 0.573896
 0.667789
 0.743662
 0.032008
 0.209381
 0.309649
 0.927511
 0.952649
 0.118913
 0.279857
 0.805543
 0.579822
 0.122095
-0.303246
-0.941216
 0.148841
 0.606378
-0.720071
 0.337348
-0.082402
 0.647981
 0.757186
 0.703394
-0.698492
 0.131707
 0.282682
-0.925405
 0.252421
 0.066344
 0.497031
 0.865193
 0.517532
-0.102047
 0.849557
-0.247409
-0.355826
 0.901209
 0.215316
 0.831627
 0.511895
-0.823041
 0.226928
 0.520679
 0.293687
 0.523056
 0.800100
 0.063639
-0.558190
 0.827269
 0.815365
-0.204452
 0.541644
-0.605738
 0.753029
 0.256962
-0.423979
 0.368175
 0.827459
 0.935056
-0.129962
 0.329819
-0.864117
-0.256487
 0.433031
-0.395991
 0.893676
 0.211033
-0.902161
-0.430536
 0.027282
-0.780864
-0.609989
 0.134777
-0.699732
-0.597807
 0.391154
-0.586234
-0.074292
 0.806728
-0.426779
-0.216334
 0.878100
-0.417954
-0.461053
 0.782780
 0.859594
 0.281627
 0.426362
-0.434755
 0.670906
 0.600727
-0.569106
-0.542904
 0.617555
-0.310232
 0.567990
 0.762328
-0.515531
 0.152689
 0.843157
 0.946202
-0.296133
 0.130407
-0.201160
 0.893017
 0.402562
-0.571401
 0.819655
 0.040824
 0.141918
 0.082856
 0.986405
 0.061564
-0.141013
 0.988092
 0.596005
 0.633787
 0.493043
-0.509064
-0.714777
 0.479529
-0.555751
 0.490482
 0.671244
 0.413625
-0.804626
 0.426017
 0.139323
-0.722211
 0.677496
 0.424872
-0.316829
 0.847999
 0.147403
 0.687960
 0.710622
 0.295177
-0.121902
 0.947634
 0.849113
-0.510171
 0.136870
 0.757091
-0.549124
 0.353943
 0.027370
 0.931447
 0.362847
 0.294894
-0.534691
 0.791924
-0.170518
-0.925064
 0.339382
 0.757660
-0.647627
-0.080810
-0.021097
-0.360990
 0.932331
-0.946702
-0.081545
 0.311619
-0.134648
 0.989399
-0.054407
-0.273968
-0.810401
 0.517872
 0.613623
 0.322850
 0.720580
 0.870960
 0.027404
 0.490589
-0.858163
-0.006355
 0.513338
-0.179287
-0.149644
 0.972349
 0.648462
 0.710245
 0.273951
