57
 0.665408
 0.458591
 0.589005
 0.378260
 0.547667
 0.746311
 0.772045
-0.254063
 0.582579
-0.208126
-0.742529
 0.636659
 0.138385
-0.798334
 0.586099
 0.750396
 0.123783
 0.649295
-0.901149
 0.066572
 0.428368
-0.462962
 0.211995
 0.860654
 0.271035
-0.920438
 0.281662
 0.105101
-0.577745
 0.809423
-0.210078
 0.748062
 0.629500
 0.193096
 0.952612
 0.235043
 0.880229
 0.474446
-0.009834
-0.439789
 0.807861
 0.392360
-0.933100
 0.279155
-0.226708
-0.741437
 0.537681
-0.401460
-0.376305
 0.925006
 0.052517
-0.883412
 0.389487
 0.260543
-0.661648
-0.742220
 0.106450
 0.158412
 0.321376
 0.933608
 0.875021
 0.335607
 0.348864
 0.502572
 0.848903
 0.163658
 0.664228
-0.736310
-0.129031
-0.685850
 0.583474
 0.434934
-0.029410
-0.248062
 0.968298
 0.243574
-0.007366
 0.969854
-0.353224
-0.111956
 0.928816
 0.138545
 0.828568
 0.542476
 0.945681
 0.218998
-0.240264
-0.795832
-0.272062
 0.540956
 0.488159
 0.228953
 0.842188
 0.040276
-0.998730
 0.030281
-0.201511
 0.424307
 0.882812
 0.919985
-0.004926
 0.391922
 0.591938
-0.779162
 0.206194
-0.449253
-0.811861
 0.372900
-0.683536
-0.011523
 0.729826
-0.309256
-0.945490
 0.102025
 0.534944
 0.594904
-0.599937
 0.450533
-0.722702
 0.524139
-0.239671
-0.481254
 0.843180
-0.844352
 0.533305
-0.051537
 0.985801
 0.142638
 0.088608
-0.987091
 0.137053
 0.082872
 0.733312
 0.626785
 0.263427
-0.088311
-0.928230
 0.361373
 0.765942
 0.541243
-0.346972
 0.054159
 0.615469
 0.786298
 0.297773
-0.335848
 0.893609
 0.560419
-0.119224
 0.819583
-0.105514
 0.104676
 0.988893
 0.463308
 0.743448
 0.482318
-0.134864
 0.937811
 0.319879
-0.730466
 0.300858
 0.613110
 0.522285
-0.476888
 0.706962
-0.470911
 0.537748
 0.699335
-0.543084
-0.326176
 0.773737
