44
-0.596036
-0.656008
-0.463028
-0.022036
-0.214364
 0.976505
 0.596617
-0.729594
 0.334275
 0.090359
 0.890559
-0.445803
 0.887970
 0.455759
 0.061578
 0.311082
 0.919639
 0.239775
 0.096871
 0.625006
-0.774586
 0.587039
-0.487625
 0.646225
-0.667177
-0.203258
-0.716632
-0.746048
 0.665787
 0.011841
-0.101943
 0.941299
 0.321813
-0.689537
 0.244984
 0.681558
 0.954141
-0.299066
-0.013245
 0.181979
-0.745978
-0.640625
-0.408008
-0.733166
 0.544057
 0.535432
-0.578156
-0.615669
 0.646409
 0.754447
 0.113862
 0.846978
-0.418792
 0.327478
 0.465343
-0.142186
 0.873636
 0.995382
 0.093084
-0.023446
-0.394107
-0.903817
 0.166716
-0.731363
-0.120353
 0.671285
 0.770722
-0.147546
 0.619853
-0.646607
-0.466494
 0.603558
 0.057423
 0.516086
 0.854610
-0.892784
-0.307478
 0.329234
 0.809853
-0.476385
-0.342338
-0.922154
 0.096921
 0.374484
-0.209954
-0.788475
-0.578123
-0.031432
-0.998855
 0.036057
 0.836691
 0.354882
 0.417143
 0.242734
-0.434238
 0.867478
-0.945514
 0.006311
-0.325521
 0.504769
-0.795924
-0.334236
-0.366949
-0.370753
 0.853165
-0.062489
 0.144212
 0.987572
 0.430909
 0.496456
 0.753557
 0.300561
 0.170102
 0.938471
 0.398928
-0.916734
-0.021336
 0.253944
-0.917845
 0.305078
 0.324389
-0.390635
-0.861496
-0.707550
-0.658526
 0.256351
 0.426736
-0.000145
-0.904376
-0.267070
 0.730281
-0.628778
