128
 0.680572
 0.430595
 0.592798
-0.369574
-0.196648
 0.908155
-0.717697
-0.695887
-0.025539
-0.208498
 0.926839
 0.312248
 0.813695
 0.430095
 0.391048
-0.954180
 0.051360
 0.294793
-0.202543
-0.627574
 0.751750
-0.625803
 0.549378
 0.553674
 0.062421
 0.489628
-0.869694
 0.247721
 0.877274
-0.411127
 0.912471
 0.376545
 0.160032
 0.338715
 0.720555
 0.605039
-0.071143
 0.750842
 0.656639
-0.019123
 0.118879
 0.992725
 0.524454
 0.590472
 0.613426
-0.583159
 0.784487
-0.210962
 0.529833
-0.273453
 0.802808
-0.915542
-0.232294
-0.328362
-0.940251
-0.186441
 0.284900
 0.795706
 0.248099
 0.552539
 0.472566
 0.146590
 0.869019
 0.263397
-0.670869
 0.693222
 0.681861
-0.561698
 0.468575
-0.616910
 0.693781
 0.371603
 0.525604
 0.384741
 0.758759
-0.734033
 0.629134
-0.255707
 0.882684
 0.058417
 0.466321
 0.991184
-0.110551
 0.073023
-0.451282
 0.524873
 0.721702
 0.772414
 0.606499
-0.188506
 0.017165
 0.967040
 0.254047
-0.640781
-0.681813
 0.352888
 0.175655
 0.963381
-0.202591
 0.333106
-0.795409
 0.506325
-0.601535
 0.365282
 0.710439
-0.791113
-0.573901
-0.211609
 0.003979
-0.098336
 0.995145
 0.317228
-0.317101
 0.893764
-0.333633
-0.733596
 0.592053
-0.030191
-0.917793
 0.395911
 0.627048
 0.741689
 0.238135
-0.606944
 0.039290
-0.793773
-0.954982
-0.288682
 0.068353
-0.527178
-0.848796
-0.040354
-0.292444
-0.421367
 0.858444
 0.255943
 0.876374
 0.407998
-0.148291
-0.271309
 0.951000
-0.597134
-0.786054
 0.159841
 0.420903
-0.086303
 0.902991
-0.112042
-0.795511
 0.595491
-0.270808
 0.957094
-0.103120
 0.713192
-0.221118
 0.665180
 0.936626
-0.343297
 0.069854
 0.762574
 0.010710
 0.646812
 0.224246
 0.953248
 0.202565
-0.617331
 0.434827
-0.655613
-0.270596
 0.655515
 0.705037
 0.341112
 0.328527
 0.880746
 0.668486
 0.610090
 0.425343
-0.994254
-0.048290
 0.095533
-0.968921
 0.211637
 0.128074
-0.742441
-0.026887
 0.669372
 0.790561
-0.370423
 0.487647
 0.482375
 0.760003
 0.435557
-0.135845
 0.987667
 0.077848
-0.827873
-0.304387
 0.471141
 0.398743
 0.895103
-0.199484
 0.140518
 0.474415
 0.869014
-0.733702
 0.193367
 0.651376
-0.750004
-0.504733
 0.427479
-0.542773
-0.633672
 0.551233
 0.348531
 0.540102
 0.766039
 0.140821
 0.656711
 0.740878
-0.073006
 0.573515
 0.815935
-0.877387
-0.408459
 0.251700
 0.082236
-0.325695
 0.941892
-0.778807
 0.518443
 0.353094
 0.113182
-0.816239
 0.566519
-0.584789
 0.123165
 0.801780
 0.390551
-0.876209
 0.282360
-0.710150
-0.242419
 0.660999
-0.567219
 0.805197
 0.172976
-0.749869
 0.639254
 0.170443
-0.408482
 0.485241
-0.773100
 0.684170
-0.729047
 0.020033
-0.135517
-0.808686
-0.572417
-0.271312
 0.451202
 0.850181
-0.865263
 0.138739
 0.481738
-0.431830
 0.292560
 0.853189
-0.851333
 0.444939
-0.277959
 0.514445
 0.337784
-0.788193
-0.537805
 0.730107
-0.421556
 0.055372
-0.983741
 0.170841
 0.256297
 0.089453
 0.962450
 0.482429
-0.625386
 0.613315
-0.450480
 0.701835
 0.551811
-0.570078
-0.113018
 0.813780
 0.321847
 0.946791
 0.001522
-0.423381
 0.832822
 0.356588
-0.085848
-0.996220
-0.013243
 0.178746
-0.512357
 0.839965
 0.859230
-0.161831
 0.485319
 0.134262
 0.267120
 0.954264
 0.652121
 0.200881
 0.731017
-0.424988
-0.544568
 0.723071
 0.430432
 0.869577
 0.242000
-0.982618
-0.147763
-0.112372
-0.353841
 0.924567
 0.141322
-0.641860
-0.446805
 0.623202
-0.238193
 0.208160
 0.948648
-0.832223
 0.551727
-0.054787
 0.961865
-0.013127
 0.273209
 0.863888
 0.503458
-0.015056
 0.211682
-0.125492
 0.969249
 0.478825
-0.877195
 0.035442
-0.025000
 0.890822
 0.453664
 0.929556
-0.238003
 0.281568
 0.868590
 0.087872
-0.487677
-0.885296
 0.442664
 0.142478
-0.073772
 0.363454
 0.928687
-0.186877
 0.916613
-0.353410
-0.769714
 0.371480
 0.519175
-0.211412
-0.032449
 0.976858
-0.454821
-0.798266
 0.394854
-0.895252
 0.303884
 0.325852
-0.409280
 0.045477
 0.911275
-0.248460
 0.817522
 0.519544
 0.030867
-0.670979
 0.740833
