148
 0.239476
-0.697006
 0.675895
 0.902823
-0.413898
 0.116617
 0.424033
-0.440315
 0.791403
-0.053212
 0.635067
 0.770622
-0.794566
 0.296971
 0.529597
 0.570766
-0.116612
 0.812790
-0.412944
 0.140420
 0.899866
-0.579184
 0.598154
 0.553857
 0.573503
 0.471068
 0.670216
 0.859844
-0.229739
 0.455948
 0.599474
-0.503351
 0.622308
 0.790127
 0.517550
 0.328393
-0.384183
 0.693515
 0.609459
 0.043654
-0.668307
 0.742603
-0.897715
-0.246054
 0.365464
-0.576860
 0.042375
 0.815743
-0.974159
 0.225340
-0.015349
 0.781260
 0.181542
 0.597223
 0.057793
 0.764601
 0.641908
-0.550315
 0.796948
 0.249050
-0.868939
-0.073090
 0.489493
-0.275221
 0.594522
 0.755511
-0.660469
-0.261233
 0.703945
-0.665225
-0.733409
 0.139956
-0.720381
-0.063255
 0.690689
 0.195803
 0.047549
 0.979490
-0.904642
 0.144745
 0.400839
-0.147634
 0.937264
 0.315818
-0.689650
 0.719489
-0.081964
 0.936405
-0.061992
 0.345402
 0.634031
-0.714811
 0.295042
 0.392779
-0.032632
 0.919054
-0.202282
 0.022325
 0.979073
-0.708293
 0.692553
 0.136720
 0.466161
 0.344174
 0.815008
 0.281808
 0.918179
 0.278445
 0.682617
 0.686796
 0.249691
-0.349817
 0.385446
 0.853850
-0.990518
 0.046462
-0.129286
 0.347484
-0.779566
 0.521087
-0.377546
 0.925990
 0.000923
-0.533192
-0.164790
 0.829789
 0.824657
-0.565549
-0.009782
 0.429109
-0.611271
 0.664991
 0.174769
 0.617762
 0.766698
-0.360141
-0.295272
 0.884937
-0.877507
 0.349824
 0.328031
 0.064339
-0.962422
 0.263827
-0.960738
-0.137426
-0.241033
 0.544455
-0.680667
 0.490164
-0.811038
 0.533770
 0.239391
-0.213420
 0.893610
-0.394860
-0.299902
-0.693840
 0.654710
-0.070392
-0.993147
 0.093292
-0.170485
-0.405870
 0.897889
-0.157689
 0.467373
 0.869883
-0.020379
 0.993435
 0.112567
-0.563126
-0.761406
 0.321171
 0.745042
-0.375103
 0.551552
-0.963446
-0.208743
 0.167923
-0.624644
-0.619948
 0.474851
-0.665622
 0.654469
 0.358631
 0.109197
-0.816593
 0.566791
-0.579959
-0.812201
-0.063066
-0.913963
 0.390558
 0.110161
-0.379747
-0.550393
-0.743545
-0.166021
-0.942976
 0.288502
 0.273458
 0.417331
 0.866635
-0.984682
-0.170464
-0.036665
 0.922108
 0.337518
 0.189203
 0.411207
-0.245912
 0.877745
 0.187429
 0.977787
 0.093825
 0.276561
 0.732306
 0.622287
-0.515610
 0.842604
-0.155450
-0.440505
-0.747547
 0.497120
-0.045614
 0.312693
 0.948758
-0.374182
-0.873010
 0.312796
-0.524993
 0.293304
 0.798972
 0.225070
-0.360521
 0.905190
 0.940829
-0.243033
 0.236168
-0.280263
 0.843013
 0.459109
 0.356366
 0.190490
 0.914722
 0.822250
 0.560176
-0.100538
-0.487418
-0.586709
 0.646682
-0.377581
-0.070893
 0.923259
 0.787935
-0.577181
 0.214523
 0.734941
 0.676074
 0.052783
-0.746675
 0.486150
 0.454021
 0.018439
-0.297336
 0.954595
-0.227565
 0.965409
 0.127275
-0.891459
-0.131290
-0.433663
 0.845411
 0.518878
 0.126670
 0.859260
 0.331238
 0.389812
 0.832346
-0.039387
 0.552855
-0.102067
-0.773071
 0.626054
 0.033258
 0.895636
-0.443543
-0.471722
 0.507687
 0.720925
-0.389969
-0.918027
-0.071766
 0.664949
 0.565589
 0.487804
 0.739329
 0.383800
 0.553254
 0.068182
 0.477146
 0.876175
-0.784532
-0.443731
 0.433142
 0.069074
 0.950718
 0.302266
-0.012545
 0.113746
 0.993431
 0.163938
 0.864900
 0.474417
 0.877553
 0.414785
-0.240527
-0.476353
 0.762490
 0.437833
 0.030318
-0.491493
 0.870353
 0.152362
-0.985640
 0.072802
-0.245315
-0.841422
 0.481487
-0.550925
 0.832848
 0.053350
-0.234406
 0.230809
 0.944341
-0.053673
 0.870184
 0.489795
-0.149567
-0.601486
 0.784757
 0.712034
-0.556036
 0.428756
-0.173158
 0.755849
 0.631434
 0.696000
 0.027196
 0.717526
-0.804953
 0.092886
 0.586023
-0.996432
 0.011193
 0.083649
-0.487617
-0.863472
 0.129019
-0.185534
-0.195178
 0.963059
 0.441780
-0.827312
 0.346966
 0.845593
-0.411315
 0.340283
 0.370092
 0.814445
 0.446890
 0.486194
 0.837627
 0.248989
 0.306138
-0.929277
 0.206697
 0.536945
 0.110072
 0.836406
 0.590324
-0.323025
 0.739711
-0.336220
-0.509051
 0.792353
-0.646809
 0.406911
 0.645029
-0.371733
 0.892206
 0.256482
 0.159931
 0.262348
 0.951628
 0.006290
-0.092908
 0.995655
-0.657009
-0.452260
 0.603158
 0.926020
 0.376433
-0.028005
 0.558741
 0.722765
 0.406719
-0.961680
 0.189118
 0.198511
-0.792597
-0.259309
 0.551859
 0.475785
 0.653826
 0.588336
-0.956241
-0.030663
 0.290970
 0.214027
-0.162149
 0.963276
-0.678257
 0.193364
 0.708927
 0.637372
 0.263007
 0.724282
-0.740343
-0.603306
 0.296503
 0.234726
-0.540290
 0.808078
 0.728387
-0.188349
 0.658769
 0.286809
 0.951215
-0.113715
-0.508825
-0.395245
 0.764773
