125
-0.654707
 0.002136
 0.755879
 0.398473
 0.468800
 0.788319
 0.805669
-0.228269
 0.546618
-0.404532
-0.256016
 0.877958
 0.322539
-0.939628
 0.114311
 0.373323
-0.099230
 0.922379
 0.922817
-0.098706
 0.372379
 0.919198
 0.392623
-0.030374
 0.071260
-0.656356
 0.751079
 0.638481
 0.751608
 0.165612
 0.678676
 0.145176
 0.719947
 0.051577
 0.975464
 0.214030
-0.612734
 0.669885
-0.419300
 0.913173
 0.134733
 0.384657
-0.969535
 0.194491
-0.148913
-0.145443
 0.161209
 0.976145
-0.566779
 0.208926
 0.796939
 0.124467
 0.965120
-0.230327
-0.152841
-0.884368
 0.441058
-0.985465
-0.163264
 0.046933
 0.063989
 0.692635
 0.718444
 0.850280
-0.515296
-0.107207
 0.782624
 0.260283
 0.565467
 0.918688
 0.314449
-0.239028
 0.698406
 0.498272
 0.513764
 0.451088
 0.851326
 0.267889
-0.985771
-0.024759
-0.166258
-0.795906
-0.455353
 0.398983
 0.236427
 0.905918
 0.351304
-0.649849
 0.735321
-0.192355
 0.862852
-0.408268
-0.298000
 0.513306
 0.597462
 0.616081
-0.182518
-0.643040
 0.743765
-0.962611
-0.071024
 0.261411
 0.576527
 0.705545
 0.412095
 0.609314
 0.382828
 0.694391
 0.479909
 0.255062
 0.839423
 0.192411
-0.795340
 0.574815
-0.523979
-0.823061
 0.219125
-0.141588
 0.988774
 0.047736
-0.422654
-0.610839
 0.669507
-0.386333
 0.846844
 0.365517
 0.474525
-0.834236
 0.280850
-0.307975
 0.579962
 0.754185
-0.305501
-0.463660
 0.831678
-0.552516
 0.803428
 0.221879
 0.182007
-0.493578
 0.850444
-0.944057
 0.173453
 0.280482
-0.450111
 0.403617
 0.796551
 0.692263
-0.109876
 0.713231
-0.528703
-0.426930
 0.733623
 0.284527
-0.306029
 0.908510
-0.378065
 0.721829
 0.579681
 0.640012
-0.357332
 0.680219
 0.300461
 0.658760
 0.689752
-0.140763
 0.732232
 0.666350
-0.103938
 0.977688
-0.182544
-0.500943
-0.733870
 0.458793
-0.362119
 0.923268
 0.128245
-0.727559
 0.625817
 0.281091
-0.677432
-0.658959
 0.326893
 0.728448
-0.460349
 0.507388
 0.085219
 0.140166
 0.986454
-0.178584
 0.944999
 0.274017
 0.379072
 0.779780
 0.498244
 0.064955
-0.910520
 0.408332
-0.568359
 0.695044
 0.440321
-0.783807
-0.115783
 0.610115
-0.995538
 0.069959
 0.063320
 0.848119
 0.364941
 0.384072
-0.276846
 0.893337
-0.353986
-0.087758
 0.548365
 0.831622
 0.953584
 0.243932
 0.176563
-0.295328
-0.765397
 0.571795
 0.285329
 0.950369
 0.124037
-0.791300
-0.609655
-0.046523
-0.474532
-0.026574
 0.879837
 0.158765
 0.521137
 0.838576
-0.608333
-0.220632
 0.762399
-0.763518
 0.146101
 0.629043
-0.627608
-0.555914
 0.545039
 0.673712
 0.733593
-0.089180
 0.322767
 0.940253
-0.108378
-0.058956
-0.072076
 0.995655
-0.042705
-0.788200
 0.613936
-0.534262
 0.556870
 0.635972
-0.664727
 0.362963
 0.652990
 0.819132
 0.543746
-0.182655
 0.159246
-0.087915
 0.983317
-0.888255
 0.033018
 0.458163
-0.366258
 0.184622
 0.912014
-0.520945
 0.853092
-0.029161
-0.724393
-0.347988
 0.595113
 0.005541
 0.900597
 0.434620
-0.273189
-0.051581
 0.960576
 0.413508
-0.755323
 0.508427
 0.781737
-0.541623
 0.309083
 0.520145
-0.236276
 0.820745
 0.950583
-0.298957
-0.083772
 0.050768
-0.299369
 0.952786
-0.348310
-0.874350
 0.337923
 0.152828
 0.812590
 0.562442
 0.314009
-0.640321
 0.700991
-0.090707
-0.995832
 0.009520
-0.833578
 0.283261
 0.474248
-0.064444
-0.486388
 0.871363
 0.536816
-0.573891
 0.618447
-0.181766
-0.282030
 0.942030
-0.235634
 0.378434
 0.895134
 0.243647
 0.327705
 0.912823
 0.824361
 0.015673
 0.565847
 0.742517
 0.595824
 0.306043
 0.425574
-0.452289
 0.783787
-0.496790
-0.867515
-0.024850
 0.905731
-0.405173
 0.124446
 0.871600
 0.454897
 0.182711
-0.690494
 0.720180
 0.067518
-0.195347
 0.847593
 0.493381
 0.878608
-0.326984
 0.348037
-0.719206
 0.504043
 0.478209
-0.872811
-0.221319
 0.434992
-0.795388
 0.599097
-0.091877
 0.001765
 0.354384
 0.935098
 0.540715
 0.023936
 0.840865
 0.316265
 0.118622
 0.941225
