93
 0.309878
-0.602967
 0.735124
 0.661656
 0.595358
 0.455807
 0.431368
-0.743552
 0.510932
-0.194172
 0.183582
 0.963636
-0.099391
 0.668528
 0.737016
 0.994929
 0.077243
 0.064421
 0.918183
-0.396130
-0.004661
-0.327822
-0.811355
 0.483979
-0.877192
-0.409811
 0.250180
-0.874096
-0.205885
 0.439963
 0.037291
-0.616614
 0.786382
-0.278009
 0.773923
 0.568994
 0.895651
-0.343295
-0.282768
-0.179927
-0.485224
 0.855678
 0.976819
-0.181201
 0.113977
-0.804304
 0.579439
 0.131702
 0.346121
 0.588009
 0.731058
-0.857604
-0.458412
-0.233180
 0.548917
-0.538275
 0.639492
 0.439437
-0.892499
-0.101688
 0.626383
 0.779226
-0.021245
 0.465276
-0.102365
 0.879227
-0.366621
 0.572660
 0.733246
 0.939327
-0.066254
 0.336565
-0.041194
-0.895220
 0.443717
 0.794367
 0.372255
 0.480007
-0.818103
-0.574076
 0.033812
 0.501966
 0.168423
 0.848330
 0.980616
-0.128633
-0.147801
-0.146521
 0.987537
 0.057471
 0.448757
 0.722987
 0.525269
 0.749905
-0.435976
 0.497562
-0.504992
-0.816506
 0.279823
-0.942910
-0.332944
-0.008253
-0.213332
 0.928194
 0.304868
 0.328680
-0.936079
 0.125398
 0.150409
 0.738358
 0.657423
-0.435044
 0.076740
 0.897133
-0.128809
-0.991609
 0.010937
-0.416558
 0.337329
 0.844209
-0.969164
-0.142712
 0.200886
 0.821537
-0.186119
 0.538922
-0.160807
 0.440722
 0.883123
-0.065319
-0.270746
 0.960432
 0.157223
-0.784208
 0.600249
 0.264344
 0.096892
 0.959549
 0.066541
 0.277143
 0.958522
 0.712383
 0.647639
-0.270324
-0.384069
-0.320799
 0.865782
 0.884571
-0.364013
 0.291598
-0.000000
 0.000000
 1.000000
-0.543457
 0.647653
 0.534042
-0.639981
 0.726426
 0.250460
-0.613109
 0.426674
 0.664866
 0.518843
-0.817154
 0.251122
 0.632024
-0.288939
 0.719069
-0.237226
-0.936417
 0.258549
 0.103349
 0.519924
 0.847937
 0.683957
-0.026646
 0.729035
-0.553900
-0.657621
 0.510616
-0.566949
-0.128036
 0.813742
 0.683872
 0.245868
 0.686926
 0.405183
-0.365254
 0.838103
-0.636783
 0.169301
 0.752226
 0.562735
 0.466448
 0.682463
-0.742843
-0.467831
 0.478873
 0.934278
 0.208420
 0.289286
-0.716346
-0.257238
 0.648596
 0.914588
-0.068742
-0.398502
-0.551562
-0.446622
 0.704492
 0.213526
-0.168637
 0.962272
 0.662695
-0.646364
 0.378219
 0.334533
 0.361628
 0.870237
-0.132631
-0.748115
 0.650180
-0.246591
-0.863629
-0.439702
 0.843159
 0.096285
 0.528972
-0.033192
 0.861399
 0.506843
-0.793579
 0.586680
-0.161364
-0.515257
-0.813405
-0.269968
-0.713468
-0.669994
-0.205113
-0.746293
 0.520620
 0.414730
 0.643362
-0.765026
 0.028644
 0.052566
-0.976906
 0.207103
 0.147217
-0.415862
 0.897433
 0.436168
-0.823091
-0.363702
-0.263566
-0.104697
 0.958943
-0.780242
-0.001021
 0.625477
 0.050100
 0.964243
 0.260242
-0.354832
-0.614472
 0.704641
-0.798404
 0.273158
 0.536596
 0.251223
-0.891716
 0.376471
 0.308354
 0.932159
 0.189728
-0.407977
-0.911913
 0.044375
