64
 0.797023
 0.136705
 0.588273
-0.278590
 0.948576
 0.150306
 0.269452
-0.711937
 0.648492
-0.645004
-0.682074
 0.344595
-0.997625
 0.026724
-0.063488
-0.015834
 0.014472
 0.999770
 0.839210
 0.379789
-0.389213
 0.208215
-0.891081
 0.403263
 0.539573
-0.252383
 0.803221
-0.132838
-0.935923
 0.326194
 0.827364
-0.548564
-0.120610
 0.307510
-0.090828
 0.947200
 0.218118
 0.504810
 0.835219
 0.726209
-0.666170
 0.169821
-0.332668
-0.557425
 0.760663
-0.328467
 0.034648
 0.943880
 0.291451
 0.863987
 0.410588
-0.524955
 0.742151
-0.416694
-0.122014
 0.589755
 0.798312
 0.949992
 0.086143
-0.300156
-0.055576
 0.316879
 0.946836
-0.141862
 0.824696
 0.547496
 0.601245
-0.789791
-0.121382
 0.734088
 0.444365
 0.513473
 0.661510
 0.749911
 0.006173
-0.611822
-0.502190
 0.611129
-0.830952
 0.381428
 0.405009
-0.370819
 0.344175
 0.862576
-0.762479
-0.186326
 0.619604
 0.065038
-0.295413
 0.953153
 0.926285
-0.117378
 0.358076
-0.063469
-0.795508
 0.602610
 0.768559
-0.194100
 0.609624
 0.446139
-0.883423
 0.143262
-0.834875
-0.510044
-0.206975
-0.423944
-0.882753
 0.202533
-0.522214
-0.248724
 0.815738
-0.378698
-0.766359
 0.518923
-0.637493
 0.376534
 0.672179
-0.959665
 0.216672
 0.179153
 0.304862
-0.464001
 0.831722
-0.239236
-0.285484
 0.928044
 0.532848
 0.370235
 0.760920
-0.407192
 0.822667
 0.396753
-0.835774
 0.104423
 0.539052
 0.927325
 0.216334
 0.305397
 0.923215
-0.362997
 0.126124
-0.125640
 0.985406
-0.114845
-0.419397
-0.897620
-0.135587
 0.456964
 0.642255
 0.615380
 0.611904
 0.712455
 0.343485
 0.580539
 0.068549
 0.811342
-0.154722
-0.987867
-0.013398
-0.651714
 0.630831
 0.421095
 0.276048
 0.217697
 0.936165
-0.837437
-0.532713
 0.122130
-0.413285
 0.619494
 0.667400
 0.576347
-0.522314
 0.628500
 0.792823
-0.455369
 0.405057
-0.607712
 0.077141
 0.790402
 0.963101
 0.267540
-0.029315
 0.006778
 0.955284
 0.295611
-0.020026
-0.576391
 0.816928
 0.137929
 0.746604
 0.650813
