38
-0.676206
 0.728972
-0.106518
 0.072231
-0.908443
 0.411720
-0.389288
-0.080230
 0.917615
-0.676402
 0.167071
 0.717334
-0.460690
-0.867151
 0.189245
 0.448263
 0.400819
 0.799003
-0.246186
-0.764755
-0.595435
 0.068469
 0.500765
 0.862871
-0.823912
 0.499391
 0.267915
 0.062498
-0.653811
 0.754073
-0.290923
-0.781577
 0.551817
-0.015735
 0.115881
 0.993138
 0.441939
-0.752626
 0.488102
 0.920465
-0.071320
 0.384262
-0.909908
 0.106315
 0.400955
 0.736330
-0.473462
 0.483377
 0.013905
-0.296972
 0.954785
 0.640695
 0.626934
 0.443242
 0.908488
 0.332755
-0.252833
-0.210124
 0.738705
 0.640440
 0.759884
 0.259220
 0.596138
 0.061906
-0.944189
-0.323535
-0.334017
 0.366930
 0.868214
-0.751032
-0.660191
-0.009921
-0.399527
-0.886702
-0.232673
-0.662679
-0.597622
 0.451337
-0.491780
 0.821935
 0.287360
 0.915422
-0.389028
 0.103243
 0.097537
 0.994018
-0.049148
-0.362266
-0.007743
-0.932042
 0.325649
-0.942891
 0.070062
 0.675680
-0.125663
 0.726405
 0.408413
-0.434792
 0.802592
-0.370998
-0.468629
 0.801715
-0.592198
 0.551955
 0.587066
 0.915494
 0.345473
 0.206201
-0.724062
-0.239792
 0.646710
 0.999626
-0.004145
-0.027025
