141
-0.238685
 0.809396
 0.536571
 0.141187
 0.285999
 0.947771
 0.352335
-0.471245
 0.808572
 0.207844
 0.761711
 0.613675
-0.375049
 0.457864
 0.806039
-0.978509
-0.035145
 0.203189
 0.796490
-0.513705
 0.318922
 0.498482
-0.689520
 0.525430
-0.087598
-0.929786
 0.357525
 0.958959
 0.242369
 0.147154
 0.634645
-0.682235
 0.363017
-0.518126
 0.797798
 0.308324
-0.031237
 0.999389
 0.015680
-0.199669
-0.549318
 0.811408
 0.800373
 0.223405
 0.556321
-0.051412
-0.267455
 0.962198
-0.262785
 0.091169
 0.960537
-0.263556
-0.847014
 0.461634
 0.998916
 0.040084
 0.023647
-0.846326
 0.112384
 0.520675
-0.439728
-0.219727
 0.870838
 0.529834
-0.334963
 0.779151
 0.335309
-0.265916
 0.903801
-0.750191
-0.005870
 0.661195
 0.979306
-0.158520
 0.125821
 0.041978
 0.969693
 0.240692
 0.470672
-0.821398
 0.322139
-0.207847
-0.736017
 0.644265
 0.343787
 0.820381
 0.456930
 0.939871
-0.341263
-0.013498
-0.430717
-0.723017
 0.540119
-0.055240
 0.387136
 0.920366
 0.422706
-0.901867
 0.089195
-0.695647
 0.445778
 0.563345
-0.799021
-0.590786
 0.111969
-0.885334
-0.086914
 0.456759
-0.252045
 0.315495
 0.914842
-0.608127
 0.118514
 0.784943
 0.159290
-0.380562
 0.910933
 0.816623
-0.170147
 0.551522
-0.663654
-0.706737
 0.245125
 0.564268
 0.706720
 0.426788
 0.384594
-0.913002
-0.136070
 0.679302
-0.522703
 0.515102
 0.233625
-0.971559
 0.038621
-0.441634
 0.738004
 0.510205
 0.923446
-0.163638
 0.347088
-0.609344
-0.323731
 0.723808
 0.286867
-0.919237
 0.269649
-0.912220
 0.331462
 0.240806
 0.177650
-0.965991
-0.187889
 0.339902
-0.656739
 0.673172
-0.525877
 0.554555
 0.644920
-0.764948
-0.213501
 0.607678
 0.590675
-0.795636
 0.134409
-0.311450
-0.913646
 0.261247
 0.733906
 0.588142
 0.339810
 0.144195
 0.896978
 0.417898
-0.553381
-0.531963
 0.640924
-0.038989
-0.832143
 0.553189
-0.064691
 0.176166
 0.982232
-0.620074
-0.639336
 0.454707
-0.239965
-0.351077
 0.905075
-0.712609
-0.437784
 0.548209
-0.784793
 0.505919
 0.357974
-0.489895
-0.867960
-0.081538
-0.513918
-0.845711
 0.143740
-0.732638
 0.679413
 0.040498
-0.888807
-0.411321
 0.202084
 0.982410
-0.155348
-0.103625
 0.564348
-0.357466
-0.744130
 0.083139
-0.973794
 0.211693
-0.438676
 0.227216
 0.869446
 0.511821
 0.068619
 0.856348
 0.692001
-0.337101
 0.638356
 0.332596
 0.184581
 0.924830
-0.902583
-0.429880
-0.023405
 0.430150
 0.674128
 0.600435
 0.911250
-0.346452
 0.222698
 0.734841
-0.655561
 0.173923
-0.666331
-0.745451
 0.017518
 0.969466
 0.039194
 0.242072
 0.968828
 0.237355
-0.070953
 0.775680
 0.020433
 0.630796
 0.902520
 0.238413
 0.358631
 0.482248
 0.495402
 0.722505
-0.366914
-0.605983
 0.705804
 0.627398
 0.546949
 0.554273
 0.868393
 0.429898
 0.247148
-0.099642
 0.912853
 0.395944
-0.256923
-0.133544
 0.957161
-0.723175
 0.241863
 0.646931
-0.021535
-0.476123
 0.879115
 0.856543
-0.510040
 0.078698
-0.935250
 0.126238
 0.330713
 0.322024
-0.880721
-0.347319
 0.314292
 0.405621
 0.858308
-0.612267
-0.114615
 0.782299
 0.658099
 0.149203
 0.738001
 0.165153
-0.584858
 0.794145
-0.666510
 0.126582
-0.734671
-0.836658
 0.315559
 0.447689
-0.570221
 0.816458
 0.090800
 0.339791
 0.939513
-0.043094
 0.108909
 0.499296
 0.859559
-0.422333
-0.420297
 0.803110
-0.841032
-0.327732
 0.430414
 0.057247
 0.662718
 0.746677
 0.130858
 0.980245
-0.148309
 0.132188
 0.067431
 0.988928
 0.287178
 0.927619
 0.238855
 0.823886
-0.350260
 0.445566
 0.894195
 0.032928
 0.446466
 0.001660
 0.822444
 0.568843
-0.137117
 0.706010
 0.694801
 0.500521
 0.294306
 0.814164
-0.063427
-0.045677
 0.996941
-0.338160
 0.641547
 0.688524
 0.319985
-0.812516
 0.487265
 0.468586
 0.835813
 0.286083
-0.843062
 0.517437
 0.146646
 0.500055
-0.136922
 0.855101
-0.774593
-0.531975
 0.342066
-0.623742
 0.634824
 0.456009
 0.793025
 0.598413
 0.114073
-0.161110
 0.539965
 0.826124
-0.933493
-0.212680
 0.288718
 0.320293
-0.037545
 0.946574
 0.154449
-0.762380
 0.628428
 0.645565
 0.736627
 0.201558
-0.691525
 0.677604
 0.250291
 0.137931
-0.161736
 0.977147
-0.482576
-0.802196
 0.351570
-0.021404
-0.674317
 0.738131
 0.658655
 0.360091
 0.660687
 0.784395
 0.415413
 0.460604
 0.527386
-0.522494
 0.669973
-0.448048
 0.000345
 0.894009
 0.176783
 0.981527
 0.073165
-0.281873
-0.599450
-0.749138
 0.128371
-0.895784
 0.425549
