28
-0.200535
 0.176758
 0.963609
-0.789706
 0.093773
-0.606277
-0.634769
 0.434030
 0.639286
 0.371816
-0.791058
 0.485778
 0.295843
 0.516228
 0.803732
 0.558554
 0.721872
 0.408556
 0.757931
 0.348475
 0.551458
-0.769718
 0.520916
-0.369026
-0.072981
-0.922968
 0.377894
-0.814183
-0.367904
 0.449169
 0.836984
-0.511974
-0.193235
-0.567532
 0.822113
-0.045132
-0.936615
 0.064113
 0.344444
-0.951494
-0.292660
-0.094916
 0.097786
 0.871555
 0.480448
 0.744405
 0.665315
-0.056724
 0.414048
 0.099130
 0.904841
-0.010740
-0.636290
 0.771375
 0.459723
-0.405579
 0.790038
 0.048340
-0.194793
 0.979652
-0.418882
 0.803886
 0.422262
-0.173571
 0.588245
 0.789836
-0.487511
-0.721184
 0.492166
-0.406398
-0.371802
 0.834628
 0.357460
 0.933785
 0.016391
-0.132835
 0.989660
 0.054113
-0.977329
 0.156583
-0.142513
-0.641476
 0.004168
 0.767132
