126
-0.275059
-0.708536
 0.649861
 0.861162
 0.171625
 0.478481
 0.712368
 0.166471
 0.681777
-0.575421
-0.444855
 0.686291
 0.058834
 0.133742
 0.989268
-0.374730
-0.808194
 0.454312
 0.310382
 0.161036
 0.936873
-0.114791
 0.639237
 0.760394
 0.314992
-0.227658
 0.921386
-0.543214
 0.237716
 0.805239
 0.094409
-0.287922
 0.952989
-0.329634
 0.650156
 0.684572
 0.558257
-0.427153
 0.711258
-0.463341
-0.158333
 0.871921
-0.586182
-0.724101
 0.363412
 0.690992
 0.536301
-0.484676
-0.131580
 0.902134
 0.410902
-0.135830
-0.837544
 0.529216
 0.902205
-0.417051
 0.109973
 0.725908
-0.170058
-0.666437
-0.658256
-0.746937
-0.093725
-0.479860
-0.877314
-0.007441
 0.293907
 0.870412
 0.394970
 0.780379
-0.604980
 0.158137
-0.134913
-0.331243
 0.933850
 0.537702
-0.818572
-0.202032
 0.511020
-0.248929
 0.822735
 0.717396
-0.441037
 0.539286
 0.049844
-0.496679
 0.866502
 0.860265
-0.078663
-0.503743
-0.179209
 0.088788
 0.979796
-0.871595
-0.363689
-0.328714
-0.331779
 0.941778
 0.054557
 0.923691
-0.027698
 0.382137
-0.763743
-0.084092
 0.640019
 0.804512
-0.032050
 0.593072
 0.977463
-0.206821
 0.042316
-0.345219
 0.794042
 0.500321
-0.278804
-0.956844
 0.081966
 0.695232
-0.718099
-0.031416
 0.088909
 0.949112
 0.302128
 0.385376
 0.373876
 0.843625
-0.091660
 0.305914
 0.947637
-0.406149
 0.060241
 0.911819
 0.173090
-0.644531
 0.744728
 0.636543
 0.758694
-0.138553
 0.483124
-0.780428
 0.396893
 0.439607
-0.027945
 0.897755
 0.183572
-0.957747
 0.221411
-0.752172
-0.327968
 0.571554
 0.710740
-0.654192
-0.258615
 0.746859
 0.529076
 0.402841
-0.344201
 0.892989
 0.289994
 0.333843
-0.738984
 0.585193
 0.099365
-0.807652
 0.581227
-0.927452
 0.210974
 0.308742
-0.130078
 0.970690
 0.202090
 0.198896
-0.044960
 0.978989
-0.874439
-0.174729
 0.452578
 0.581939
 0.381401
 0.718248
-0.127848
 0.790437
 0.599053
 0.390982
-0.566106
 0.725712
-0.543035
 0.732725
 0.410154
-0.060857
-0.983670
 0.169383
 0.993681
-0.039259
-0.105151
 0.016576
 0.495908
 0.868217
-0.442783
-0.866398
 0.230862
 0.952813
 0.180245
 0.244252
-0.387094
-0.541001
 0.746643
-0.988991
 0.012445
-0.147454
 0.549939
-0.620887
 0.558629
-0.394707
 0.896431
-0.201537
-0.810997
 0.315606
 0.492623
 0.528861
 0.179586
 0.829491
 0.285131
-0.432231
 0.855498
 0.950400
 0.013760
-0.310726
 0.425319
 0.574530
 0.699299
-0.328940
 0.272676
 0.904127
-0.950822
-0.219824
 0.218209
 0.261989
-0.871043
 0.415506
-0.164626
-0.335972
-0.927373
-0.052723
-0.691813
 0.720149
 0.019120
-0.922537
 0.385434
-0.176245
-0.530868
 0.828925
 0.093366
 0.705291
 0.702743
-0.805709
-0.564281
-0.180057
 0.475605
 0.739590
 0.476243
-0.611612
 0.009638
 0.791099
-0.238093
 0.472091
 0.848788
-0.029496
-0.098546
 0.994695
 0.292786
 0.942650
 0.160271
-0.833775
 0.438073
-0.336022
 0.702138
-0.538906
-0.465385
 0.229909
 0.549551
 0.803204
 0.635388
-0.038045
 0.771255
 0.839551
-0.450848
-0.303136
-0.518679
 0.854763
-0.018768
 0.687001
-0.621052
 0.377259
-0.919811
-0.381132
-0.093202
 0.702328
-0.237180
 0.671179
 0.599708
 0.566924
 0.564754
 0.478567
 0.843356
 0.244387
-0.748916
-0.357900
-0.557703
-0.847034
-0.392657
 0.358266
-0.983926
-0.178572
 0.000901
 0.090024
 0.852093
 0.515590
-0.620446
-0.239363
 0.746828
-0.453259
 0.451643
 0.768489
 0.836113
-0.542605
-0.080590
-0.253703
-0.137845
 0.957410
-0.368180
-0.354231
 0.859630
 0.089163
 0.993505
 0.070690
 0.841887
-0.240256
 0.483221
 0.224214
 0.920531
-0.319922
 0.612053
-0.763212
 0.207121
-0.898529
-0.419987
 0.127501
-0.638809
-0.700629
-0.317872
-0.934496
 0.231267
-0.270617
 0.291828
 0.740056
 0.605932
-0.649770
 0.395074
 0.649396
 0.934690
-0.331690
-0.127809
-0.761836
-0.590455
 0.266401
-0.527748
 0.603430
 0.597791
 0.797028
 0.602659
-0.039348
-0.126343
 0.991803
-0.019079
-0.504023
-0.649234
 0.569611
