33
 0.089846
-0.796132
 0.598416
-0.889197
-0.439400
 0.127498
 0.878732
 0.057482
-0.473842
 0.298808
 0.383830
 0.873721
-0.667462
 0.734674
 0.121444
 0.902709
-0.168444
 0.395908
-0.466351
 0.711849
 0.525154
-0.012642
 0.898708
 0.438366
-0.796352
 0.378713
 0.471593
 0.998344
 0.021989
-0.053149
 0.921461
-0.385101
-0.051050
 0.287662
-0.049396
 0.956457
 0.511047
-0.533415
 0.674017
-0.317868
-0.543955
 0.776578
 0.671652
 0.316978
 0.669633
-0.194675
-0.169063
 0.966188
 0.655941
-0.120039
 0.745206
-0.412577
 0.858600
-0.304281
-0.117792
 0.238027
 0.964089
 0.139886
-0.457650
 0.878060
-0.697865
-0.651979
-0.296492
-0.512479
 0.326764
 0.794098
 0.288795
-0.949244
-0.124633
-0.096132
 0.630120
 0.770524
 0.752046
-0.576139
 0.320141
-0.910968
-0.265341
-0.315802
-0.338708
-0.827785
 0.447268
 0.375133
 0.714447
 0.590627
-0.692855
-0.487474
 0.531338
 0.325491
 0.932049
 0.159189
-0.594859
-0.109432
 0.796347
-0.614860
-0.777249
 0.133535
-0.036549
-0.984926
 0.169073
