81
-0.737993
-0.666655
-0.104586
 0.651782
 0.323950
-0.685738
-0.920548
-0.311625
 0.235544
 0.007978
-0.114228
 0.993423
 0.652743
 0.633431
 0.415562
-0.211509
 0.418791
 0.883107
-0.262988
-0.102494
 0.959339
 0.936107
 0.213585
 0.279438
-0.043615
 0.928216
 0.369477
-0.750363
 0.506315
-0.424970
 0.775185
 0.353418
 0.523626
 0.399884
 0.359322
-0.843197
-0.835418
-0.473198
-0.279573
 0.888300
-0.452558
-0.078199
-0.859190
-0.192790
 0.473946
 0.555534
 0.499470
 0.664764
 0.841217
-0.228781
 0.489911
-0.920579
 0.324239
-0.217722
 0.964373
-0.057474
 0.258228
 0.984393
-0.172982
-0.032370
 0.540259
-0.800477
-0.259532
-0.251049
-0.913580
-0.319916
-0.113872
 0.790873
 0.601292
-0.598766
-0.708915
 0.372719
-0.636745
 0.196912
 0.745508
 0.375637
-0.540731
 0.752667
 0.424114
 0.743003
 0.517759
-0.319030
 0.633610
 0.704811
-0.849896
 0.129120
 0.510885
-0.732615
 0.401607
 0.549533
 0.639840
-0.404621
 0.653366
-0.196523
 0.975054
-0.103191
-0.100270
 0.164398
 0.981284
-0.250736
 0.759543
-0.600188
-0.753498
 0.577485
 0.314248
 0.163793
 0.797056
 0.581269
 0.400892
 0.334052
 0.853050
-0.612885
 0.747164
-0.257135
 0.070910
-0.597216
 0.798940
-0.730712
-0.056970
 0.680304
-0.467622
 0.883281
-0.033824
-0.046584
-0.776099
 0.628888
-0.787197
-0.589755
 0.180304
 0.198143
 0.147154
 0.969064
 0.377723
-0.863822
 0.333373
 0.586649
 0.806347
-0.075145
-0.559849
 0.639074
 0.527403
 0.162650
 0.898642
-0.407417
 0.289654
 0.588445
 0.754873
 0.516930
 0.824604
 0.229807
-0.114338
 0.915933
-0.384700
-0.757871
-0.473176
 0.449150
 0.514303
 0.083101
-0.853573
-0.695019
 0.101741
-0.711757
 0.283289
-0.117402
 0.951821
-0.384275
 0.181324
 0.905237
-0.342016
 0.827201
 0.445830
 0.099581
 0.395856
 0.912897
 0.913121
 0.407176
 0.020457
-0.525105
-0.561695
 0.639346
-0.273972
 0.944870
 0.179332
-0.963510
-0.002897
 0.267656
 0.028671
 0.993072
 0.113957
 0.115879
 0.376248
-0.919244
 0.328498
 0.943764
 0.037393
-0.496434
 0.431377
 0.753304
 0.481507
-0.272692
 0.832941
 0.183106
-0.373707
 0.909294
 0.657560
 0.209131
 0.723795
 0.490800
 0.049218
 0.869881
 0.521835
-0.667770
 0.530821
-0.698134
 0.713940
 0.053840
 0.359191
 0.757469
-0.545182
 0.992836
 0.119476
 0.001190
-0.006423
 0.614979
 0.788517
-0.391471
-0.885788
 0.249261
-0.902829
 0.302127
 0.305974
 0.098814
 0.983724
-0.150078
 0.849661
 0.063676
 0.523471
-0.805271
 0.570979
-0.159751
-0.240779
-0.595060
 0.766765
