29
-0.005354
 0.838993
 0.544116
-0.813080
 0.581660
 0.023934
-0.704906
-0.614780
 0.353769
-0.075777
 0.995211
 0.061751
 0.481696
-0.869085
 0.112513
 0.861387
 0.263749
 0.434106
-0.139595
-0.323021
 0.936040
-0.137055
 0.154882
 0.978380
 0.736312
 0.666344
 0.117604
 0.148443
-0.885577
 0.440135
 0.274554
-0.090726
 0.957282
-0.517675
-0.645708
-0.561314
 0.556108
 0.381572
-0.738341
-0.347114
 0.549350
 0.760083
 0.555705
 0.242041
 0.795367
-0.974030
 0.168711
 0.151007
 0.338337
 0.907573
-0.248675
 0.150825
 0.499473
 0.853100
-0.225735
-0.715029
 0.661647
 0.928918
-0.196774
 0.313674
 0.958288
 0.284151
-0.030686
 0.674417
-0.210137
 0.707817
-0.349431
-0.911036
-0.218888
 0.274834
-0.561372
 0.780594
-0.469528
 0.803671
 0.365589
-0.861943
-0.128115
 0.490552
 0.642962
-0.608202
 0.465499
-0.569978
 0.095177
 0.816129
-0.754108
 0.419020
 0.505711
