103
 0.307533
 0.322794
 0.895113
 0.885169
 0.130899
 0.446476
-0.233530
 0.417911
 0.877960
-0.529006
-0.842498
-0.101730
 0.640094
 0.394975
 0.658995
-0.132620
 0.989785
 0.052324
 0.048589
 0.972047
 0.229705
 0.028784
-0.320235
 0.946901
 0.913282
-0.105658
 0.393386
-0.044933
 0.891352
 0.451079
 0.195244
-0.915289
 0.352314
-0.539758
-0.003430
 0.841813
-0.631090
-0.249166
 0.734603
 0.800203
 0.241348
-0.549023
-0.807408
-0.441295
 0.391601
-0.735371
-0.675289
-0.056699
-0.881365
-0.003309
 0.472424
-0.426414
-0.239027
 0.872374
 0.733400
 0.006601
-0.679766
-0.304295
 0.621580
 0.721833
 0.651975
-0.515406
 0.556134
-0.023625
 0.982328
-0.185671
-0.885071
-0.461200
-0.062802
-0.929565
 0.343076
 0.134935
 0.468355
-0.472691
 0.746463
 0.799747
 0.367603
 0.474630
-0.233683
 0.930277
 0.282802
 0.602509
-0.032711
 0.797442
 0.929518
-0.184207
-0.319475
-0.674852
 0.457682
 0.578880
-0.444396
-0.824456
 0.350406
-0.044840
 0.578578
 0.814393
-0.800686
 0.232723
 0.552034
-0.782899
-0.596042
 0.178334
-0.651681
-0.473489
 0.592554
 0.305963
-0.943133
 0.129949
 0.881505
-0.466458
 0.073251
 0.407722
-0.907784
-0.098442
 0.150257
 0.749266
 0.644998
 0.807635
-0.321434
 0.494375
 0.440150
 0.813081
 0.381008
 0.981546
 0.027285
 0.189268
-0.826116
 0.426945
 0.367765
 0.207372
 0.877320
 0.432789
-0.304350
 0.806148
 0.507441
 0.981497
 0.191470
-0.001448
-0.629400
 0.231272
 0.741869
 0.256024
-0.400767
 0.879680
-0.644463
-0.656899
 0.391346
 0.735525
 0.156655
 0.659137
-0.913139
-0.373537
 0.163240
-0.986876
 0.159616
-0.024460
-0.929119
-0.189294
 0.317658
 0.928279
 0.281951
 0.242491
 0.011740
-0.551648
 0.833994
-0.028423
-0.888772
 0.457467
 0.390973
 0.697578
 0.600438
 0.986828
 0.000707
-0.161769
-0.540006
 0.831811
-0.128391
-0.483380
 0.810671
 0.330390
 0.444708
-0.223821
 0.867259
-0.132384
 0.198867
 0.971044
-0.011355
-0.742711
 0.669516
 0.243879
-0.619294
 0.746323
-0.243503
-0.646015
 0.723444
 0.440244
 0.497772
 0.747267
 0.800426
-0.506835
 0.320057
 0.307352
 0.933234
 0.186033
 0.929260
-0.285748
 0.234145
 0.631369
-0.689233
 0.355430
 0.426731
-0.827033
 0.365947
 0.255663
 0.810383
-0.527177
 0.640000
 0.710556
 0.292419
 0.455053
-0.677070
 0.578363
 0.529190
 0.225993
 0.817854
-0.468016
-0.668007
 0.578557
 0.149988
 0.988639
-0.009806
 0.614906
 0.597720
 0.514414
-0.383886
-0.918609
 0.093752
 0.384146
 0.043964
 0.922225
 0.048768
 0.371686
 0.927077
-0.023321
-0.037563
 0.999022
 0.150242
 0.137329
 0.979065
-0.507264
 0.653045
 0.562330
-0.602266
-0.783868
 0.151086
-0.800790
 0.580296
 0.148298
-0.483271
 0.447123
 0.752681
-0.799700
-0.524212
-0.292715
 0.644745
-0.289168
 0.707592
-0.674906
 0.640322
 0.366727
 0.454710
 0.471385
-0.755668
 0.207467
 0.558469
 0.803163
-0.097724
 0.754212
 0.649319
-0.733601
 0.671043
-0.107377
-0.305685
 0.011640
 0.952061
 0.783103
-0.087535
 0.615701
-0.629560
 0.767849
 0.118588
-0.214620
-0.934867
 0.282774
 0.221465
-0.792451
 0.568308
-0.407521
 0.232212
 0.883179
-0.221096
-0.444229
 0.868203
-0.194909
-0.212365
 0.957555
 0.214941
-0.140584
 0.966456
