74
 0.874230
-0.347852
 0.338704
 0.349258
 0.846485
-0.401847
 0.915364
 0.371333
-0.155627
 0.724771
-0.316082
 0.612208
-0.888913
-0.438982
-0.130874
 0.881132
-0.063362
 0.468605
-0.789870
 0.590730
-0.164754
-0.315993
 0.937649
 0.144782
 0.575189
-0.779000
 0.249633
 0.562140
 0.715595
 0.414636
-0.333130
-0.424024
 0.842157
-0.358447
-0.666754
 0.653417
-0.503976
 0.362388
 0.784017
-0.592166
-0.466925
 0.656749
-0.287516
 0.843278
 0.454111
 0.780015
 0.239874
 0.577960
-0.705531
 0.569562
 0.421693
-0.298734
-0.947700
 0.112350
 0.470280
-0.016577
 0.882362
-0.080291
-0.595540
 0.799303
-0.881994
 0.112355
 0.457670
 0.479014
-0.080292
-0.874128
 0.989233
 0.144990
 0.019918
-0.093928
-0.812306
 0.575618
-0.200477
 0.698867
 0.686581
-0.596823
-0.679097
 0.427353
 0.775834
 0.487582
 0.400431
-0.709497
 0.064535
 0.701747
-0.478035
-0.865612
-0.148988
 0.000000
 0.000000
 1.000000
 0.497722
-0.297430
 0.814744
 0.472669
-0.551722
 0.687158
 0.032795
 0.346562
 0.937454
-0.239166
 0.469138
 0.850123
-0.065402
 0.997432
-0.029186
-0.559410
-0.815957
 0.145860
-0.535985
 0.779665
 0.323795
-0.483434
 0.617803
 0.620170
-0.886157
 0.362617
 0.288505
 0.334411
 0.687960
 0.644112
 0.172797
-0.892486
 0.416664
 0.557513
 0.251011
 0.791311
 0.218547
-0.470344
 0.854993
-0.726718
 0.344314
 0.594415
-0.714763
-0.684634
-0.142791
 0.420995
-0.763433
 0.489830
 0.682310
-0.568538
 0.459583
 0.256829
 0.162876
 0.952633
 0.707277
-0.030322
 0.706286
 0.180691
 0.972522
 0.146806
-0.224757
 0.188639
 0.955981
-0.070121
-0.954679
 0.289260
-0.291777
-0.867656
-0.402542
-0.044269
-0.326651
 0.944108
 0.582860
 0.504223
 0.637207
 0.933904
 0.141978
-0.328125
-0.983467
 0.106716
 0.146302
-0.277012
-0.137653
 0.950955
-0.046923
-0.824479
-0.563944
 0.977837
-0.104650
 0.181338
 0.325962
-0.930723
 0.165843
-0.054163
 0.950031
 0.307421
 0.931218
-0.363930
 0.019678
 0.328483
 0.442605
 0.834386
-0.782435
-0.200321
 0.589633
-0.779235
 0.612964
 0.130646
 0.229022
-0.183791
 0.955913
-0.555237
-0.208885
 0.805033
 0.180674
-0.710811
 0.679783
 0.768685
 0.621658
-0.150546
 0.071617
 0.607828
 0.790832
 0.927482
 0.197284
 0.317578
 0.576757
-0.816235
-0.033334
-0.790385
-0.444782
 0.421260
