obPts =

   53.0222   62.3075   -5.0000
   53.8609   61.7629   -5.0000
   54.6996   61.2182   -5.0000
   55.5383   60.6736   -5.0000
   56.3769   60.1290   -5.0000
   57.2156   59.5843   -5.0000
   58.0543   59.0397   -5.0000
   58.8929   58.4951   -5.0000
   59.7316   57.9504   -5.0000
   60.5703   57.4058   -5.0000
   61.4089   56.8611   -5.0000
   62.2476   56.3165   -5.0000
   63.0863   55.7719   -5.0000
   63.9250   55.2272   -5.0000
   64.7636   54.6826   -5.0000
   65.6023   54.1379   -5.0000
   66.4410   53.5933   -5.0000
   67.2796   53.0487   -5.0000
   68.1183   52.5040   -5.0000
   68.9570   51.9594   -5.0000
   69.7957   51.4147   -5.0000
   70.6343   50.8701   -5.0000
   71.4730   50.3255   -5.0000
   72.3117   49.7808   -5.0000
   73.1503   49.2362   -5.0000
   73.9890   48.6915   -5.0000
   74.8277   48.1469   -5.0000
   75.6663   47.6023   -5.0000
   76.5050   47.0576   -5.0000
   77.3437   46.5130   -5.0000
   78.1824   45.9684   -5.0000
   79.0210   45.4237   -5.0000
   79.8597   44.8791   -5.0000
   80.6984   44.3344   -5.0000
   81.5370   43.7898   -5.0000
   82.3757   43.2452   -5.0000
   83.2144   42.7005   -5.0000
   84.0531   42.1559   -5.0000
   84.8917   41.6112   -5.0000
   85.7304   41.0666   -5.0000
   53.0222   62.3075   -4.0000
   53.8609   61.7629   -4.0000
   54.6996   61.2182   -4.0000
   55.5383   60.6736   -4.0000
   56.3769   60.1290   -4.0000
   57.2156   59.5843   -4.0000
   58.0543   59.0397   -4.0000
   58.8929   58.4951   -4.0000
   59.7316   57.9504   -4.0000
   60.5703   57.4058   -4.0000
   61.4089   56.8611   -4.0000
   62.2476   56.3165   -4.0000
   63.0863   55.7719   -4.0000
   63.9250   55.2272   -4.0000
   64.7636   54.6826   -4.0000
   65.6023   54.1379   -4.0000
   66.4410   53.5933   -4.0000
   67.2796   53.0487   -4.0000
   68.1183   52.5040   -4.0000
   68.9570   51.9594   -4.0000
   69.7957   51.4147   -4.0000
   70.6343   50.8701   -4.0000
   71.4730   50.3255   -4.0000
   72.3117   49.7808   -4.0000
   73.1503   49.2362   -4.0000
   73.9890   48.6915   -4.0000
   74.8277   48.1469   -4.0000
   75.6663   47.6023   -4.0000
   76.5050   47.0576   -4.0000
   77.3437   46.5130   -4.0000
   78.1824   45.9684   -4.0000
   79.0210   45.4237   -4.0000
   79.8597   44.8791   -4.0000
   80.6984   44.3344   -4.0000
   81.5370   43.7898   -4.0000
   82.3757   43.2452   -4.0000
   83.2144   42.7005   -4.0000
   84.0531   42.1559   -4.0000
   84.8917   41.6112   -4.0000
   85.7304   41.0666   -4.0000
   53.0222   62.3075   -3.0000
   53.8609   61.7629   -3.0000
   54.6996   61.2182   -3.0000
   55.5383   60.6736   -3.0000
   56.3769   60.1290   -3.0000
   57.2156   59.5843   -3.0000
   58.0543   59.0397   -3.0000
   58.8929   58.4951   -3.0000
   59.7316   57.9504   -3.0000
   60.5703   57.4058   -3.0000
   61.4089   56.8611   -3.0000
   62.2476   56.3165   -3.0000
   63.0863   55.7719   -3.0000
   63.9250   55.2272   -3.0000
   64.7636   54.6826   -3.0000
   65.6023   54.1379   -3.0000
   66.4410   53.5933   -3.0000
   67.2796   53.0487   -3.0000
   68.1183   52.5040   -3.0000
   68.9570   51.9594   -3.0000
   69.7957   51.4147   -3.0000
   70.6343   50.8701   -3.0000
   71.4730   50.3255   -3.0000
   72.3117   49.7808   -3.0000
   73.1503   49.2362   -3.0000
   73.9890   48.6915   -3.0000
   74.8277   48.1469   -3.0000
   75.6663   47.6023   -3.0000
   76.5050   47.0576   -3.0000
   77.3437   46.5130   -3.0000
   78.1824   45.9684   -3.0000
   79.0210   45.4237   -3.0000
   79.8597   44.8791   -3.0000
   80.6984   44.3344   -3.0000
   81.5370   43.7898   -3.0000
   82.3757   43.2452   -3.0000
   83.2144   42.7005   -3.0000
   84.0531   42.1559   -3.0000
   84.8917   41.6112   -3.0000
   85.7304   41.0666   -3.0000
   53.0222   62.3075   -2.0000
   53.8609   61.7629   -2.0000
   54.6996   61.2182   -2.0000
   55.5383   60.6736   -2.0000
   56.3769   60.1290   -2.0000
   57.2156   59.5843   -2.0000
   58.0543   59.0397   -2.0000
   58.8929   58.4951   -2.0000
   59.7316   57.9504   -2.0000
   60.5703   57.4058   -2.0000
   61.4089   56.8611   -2.0000
   62.2476   56.3165   -2.0000
   63.0863   55.7719   -2.0000
   63.9250   55.2272   -2.0000
   64.7636   54.6826   -2.0000
   65.6023   54.1379   -2.0000
   66.4410   53.5933   -2.0000
   67.2796   53.0487   -2.0000
   68.1183   52.5040   -2.0000
   68.9570   51.9594   -2.0000
   69.7957   51.4147   -2.0000
   70.6343   50.8701   -2.0000
   71.4730   50.3255   -2.0000
   72.3117   49.7808   -2.0000
   73.1503   49.2362   -2.0000
   73.9890   48.6915   -2.0000
   74.8277   48.1469   -2.0000
   75.6663   47.6023   -2.0000
   76.5050   47.0576   -2.0000
   77.3437   46.5130   -2.0000
   78.1824   45.9684   -2.0000
   79.0210   45.4237   -2.0000
   79.8597   44.8791   -2.0000
   80.6984   44.3344   -2.0000
   81.5370   43.7898   -2.0000
   82.3757   43.2452   -2.0000
   83.2144   42.7005   -2.0000
   84.0531   42.1559   -2.0000
   84.8917   41.6112   -2.0000
   85.7304   41.0666   -2.0000
   53.0222   62.3075   -1.0000
   53.8609   61.7629   -1.0000
   54.6996   61.2182   -1.0000
   55.5383   60.6736   -1.0000
   56.3769   60.1290   -1.0000
   57.2156   59.5843   -1.0000
   58.0543   59.0397   -1.0000
   58.8929   58.4951   -1.0000
   59.7316   57.9504   -1.0000
   60.5703   57.4058   -1.0000
   61.4089   56.8611   -1.0000
   62.2476   56.3165   -1.0000
   63.0863   55.7719   -1.0000
   63.9250   55.2272   -1.0000
   64.7636   54.6826   -1.0000
   65.6023   54.1379   -1.0000
   66.4410   53.5933   -1.0000
   67.2796   53.0487   -1.0000
   68.1183   52.5040   -1.0000
   68.9570   51.9594   -1.0000
   69.7957   51.4147   -1.0000
   70.6343   50.8701   -1.0000
   71.4730   50.3255   -1.0000
   72.3117   49.7808   -1.0000
   73.1503   49.2362   -1.0000
   73.9890   48.6915   -1.0000
   74.8277   48.1469   -1.0000
   75.6663   47.6023   -1.0000
   76.5050   47.0576   -1.0000
   77.3437   46.5130   -1.0000
   78.1824   45.9684   -1.0000
   79.0210   45.4237   -1.0000
   79.8597   44.8791   -1.0000
   80.6984   44.3344   -1.0000
   81.5370   43.7898   -1.0000
   82.3757   43.2452   -1.0000
   83.2144   42.7005   -1.0000
   84.0531   42.1559   -1.0000
   84.8917   41.6112   -1.0000
   85.7304   41.0666   -1.0000
   53.0222   62.3075         0
   53.8609   61.7629         0
   54.6996   61.2182         0
   55.5383   60.6736         0
   56.3769   60.1290         0
   57.2156   59.5843         0
   58.0543   59.0397         0
   58.8929   58.4951         0
   59.7316   57.9504         0
   60.5703   57.4058         0
   61.4089   56.8611         0
   62.2476   56.3165         0
   63.0863   55.7719         0
   63.9250   55.2272         0
   64.7636   54.6826         0
   65.6023   54.1379         0
   66.4410   53.5933         0
   67.2796   53.0487         0
   68.1183   52.5040         0
   68.9570   51.9594         0
   69.7957   51.4147         0
   70.6343   50.8701         0
   71.4730   50.3255         0
   72.3117   49.7808         0
   73.1503   49.2362         0
   73.9890   48.6915         0
   74.8277   48.1469         0
   75.6663   47.6023         0
   76.5050   47.0576         0
   77.3437   46.5130         0
   78.1824   45.9684         0
   79.0210   45.4237         0
   79.8597   44.8791         0
   80.6984   44.3344         0
   81.5370   43.7898         0
   82.3757   43.2452         0
   83.2144   42.7005         0
   84.0531   42.1559         0
   84.8917   41.6112         0
   85.7304   41.0666         0
   53.0222   62.3075    1.0000
   53.8609   61.7629    1.0000
   54.6996   61.2182    1.0000
   55.5383   60.6736    1.0000
   56.3769   60.1290    1.0000
   57.2156   59.5843    1.0000
   58.0543   59.0397    1.0000
   58.8929   58.4951    1.0000
   59.7316   57.9504    1.0000
   60.5703   57.4058    1.0000
   61.4089   56.8611    1.0000
   62.2476   56.3165    1.0000
   63.0863   55.7719    1.0000
   63.9250   55.2272    1.0000
   64.7636   54.6826    1.0000
   65.6023   54.1379    1.0000
   66.4410   53.5933    1.0000
   67.2796   53.0487    1.0000
   68.1183   52.5040    1.0000
   68.9570   51.9594    1.0000
   69.7957   51.4147    1.0000
   70.6343   50.8701    1.0000
   71.4730   50.3255    1.0000
   72.3117   49.7808    1.0000
   73.1503   49.2362    1.0000
   73.9890   48.6915    1.0000
   74.8277   48.1469    1.0000
   75.6663   47.6023    1.0000
   76.5050   47.0576    1.0000
   77.3437   46.5130    1.0000
   78.1824   45.9684    1.0000
   79.0210   45.4237    1.0000
   79.8597   44.8791    1.0000
   80.6984   44.3344    1.0000
   81.5370   43.7898    1.0000
   82.3757   43.2452    1.0000
   83.2144   42.7005    1.0000
   84.0531   42.1559    1.0000
   84.8917   41.6112    1.0000
   85.7304   41.0666    1.0000
   53.0222   62.3075    2.0000
   53.8609   61.7629    2.0000
   54.6996   61.2182    2.0000
   55.5383   60.6736    2.0000
   56.3769   60.1290    2.0000
   57.2156   59.5843    2.0000
   58.0543   59.0397    2.0000
   58.8929   58.4951    2.0000
   59.7316   57.9504    2.0000
   60.5703   57.4058    2.0000
   61.4089   56.8611    2.0000
   62.2476   56.3165    2.0000
   63.0863   55.7719    2.0000
   63.9250   55.2272    2.0000
   64.7636   54.6826    2.0000
   65.6023   54.1379    2.0000
   66.4410   53.5933    2.0000
   67.2796   53.0487    2.0000
   68.1183   52.5040    2.0000
   68.9570   51.9594    2.0000
   69.7957   51.4147    2.0000
   70.6343   50.8701    2.0000
   71.4730   50.3255    2.0000
   72.3117   49.7808    2.0000
   73.1503   49.2362    2.0000
   73.9890   48.6915    2.0000
   74.8277   48.1469    2.0000
   75.6663   47.6023    2.0000
   76.5050   47.0576    2.0000
   77.3437   46.5130    2.0000
   78.1824   45.9684    2.0000
   79.0210   45.4237    2.0000
   79.8597   44.8791    2.0000
   80.6984   44.3344    2.0000
   81.5370   43.7898    2.0000
   82.3757   43.2452    2.0000
   83.2144   42.7005    2.0000
   84.0531   42.1559    2.0000
   84.8917   41.6112    2.0000
   85.7304   41.0666    2.0000
   53.0222   62.3075    3.0000
   53.8609   61.7629    3.0000
   54.6996   61.2182    3.0000
   55.5383   60.6736    3.0000
   56.3769   60.1290    3.0000
   57.2156   59.5843    3.0000
   58.0543   59.0397    3.0000
   58.8929   58.4951    3.0000
   59.7316   57.9504    3.0000
   60.5703   57.4058    3.0000
   61.4089   56.8611    3.0000
   62.2476   56.3165    3.0000
   63.0863   55.7719    3.0000
   63.9250   55.2272    3.0000
   64.7636   54.6826    3.0000
   65.6023   54.1379    3.0000
   66.4410   53.5933    3.0000
   67.2796   53.0487    3.0000
   68.1183   52.5040    3.0000
   68.9570   51.9594    3.0000
   69.7957   51.4147    3.0000
   70.6343   50.8701    3.0000
   71.4730   50.3255    3.0000
   72.3117   49.7808    3.0000
   73.1503   49.2362    3.0000
   73.9890   48.6915    3.0000
   74.8277   48.1469    3.0000
   75.6663   47.6023    3.0000
   76.5050   47.0576    3.0000
   77.3437   46.5130    3.0000
   78.1824   45.9684    3.0000
   79.0210   45.4237    3.0000
   79.8597   44.8791    3.0000
   80.6984   44.3344    3.0000
   81.5370   43.7898    3.0000
   82.3757   43.2452    3.0000
   83.2144   42.7005    3.0000
   84.0531   42.1559    3.0000
   84.8917   41.6112    3.0000
   85.7304   41.0666    3.0000
   53.0222   62.3075    4.0000
   53.8609   61.7629    4.0000
   54.6996   61.2182    4.0000
   55.5383   60.6736    4.0000
   56.3769   60.1290    4.0000
   57.2156   59.5843    4.0000
   58.0543   59.0397    4.0000
   58.8929   58.4951    4.0000
   59.7316   57.9504    4.0000
   60.5703   57.4058    4.0000
   61.4089   56.8611    4.0000
   62.2476   56.3165    4.0000
   63.0863   55.7719    4.0000
   63.9250   55.2272    4.0000
   64.7636   54.6826    4.0000
   65.6023   54.1379    4.0000
   66.4410   53.5933    4.0000
   67.2796   53.0487    4.0000
   68.1183   52.5040    4.0000
   68.9570   51.9594    4.0000
   69.7957   51.4147    4.0000
   70.6343   50.8701    4.0000
   71.4730   50.3255    4.0000
   72.3117   49.7808    4.0000
   73.1503   49.2362    4.0000
   73.9890   48.6915    4.0000
   74.8277   48.1469    4.0000
   75.6663   47.6023    4.0000
   76.5050   47.0576    4.0000
   77.3437   46.5130    4.0000
   78.1824   45.9684    4.0000
   79.0210   45.4237    4.0000
   79.8597   44.8791    4.0000
   80.6984   44.3344    4.0000
   81.5370   43.7898    4.0000
   82.3757   43.2452    4.0000
   83.2144   42.7005    4.0000
   84.0531   42.1559    4.0000
   84.8917   41.6112    4.0000
   85.7304   41.0666    4.0000
   53.0222   62.3075    5.0000
   53.8609   61.7629    5.0000
   54.6996   61.2182    5.0000
   55.5383   60.6736    5.0000
   56.3769   60.1290    5.0000
   57.2156   59.5843    5.0000
   58.0543   59.0397    5.0000
   58.8929   58.4951    5.0000
   59.7316   57.9504    5.0000
   60.5703   57.4058    5.0000
   61.4089   56.8611    5.0000
   62.2476   56.3165    5.0000
   63.0863   55.7719    5.0000
   63.9250   55.2272    5.0000
   64.7636   54.6826    5.0000
   65.6023   54.1379    5.0000
   66.4410   53.5933    5.0000
   67.2796   53.0487    5.0000
   68.1183   52.5040    5.0000
   68.9570   51.9594    5.0000
   69.7957   51.4147    5.0000
   70.6343   50.8701    5.0000
   71.4730   50.3255    5.0000
   72.3117   49.7808    5.0000
   73.1503   49.2362    5.0000
   73.9890   48.6915    5.0000
   74.8277   48.1469    5.0000
   75.6663   47.6023    5.0000
   76.5050   47.0576    5.0000
   77.3437   46.5130    5.0000
   78.1824   45.9684    5.0000
   79.0210   45.4237    5.0000
   79.8597   44.8791    5.0000
   80.6984   44.3344    5.0000
   81.5370   43.7898    5.0000
   82.3757   43.2452    5.0000
   83.2144   42.7005    5.0000
   84.0531   42.1559    5.0000
   84.8917   41.6112    5.0000
   85.7304   41.0666    5.0000
   53.0222   62.3075    6.0000
   53.8609   61.7629    6.0000
   54.6996   61.2182    6.0000
   55.5383   60.6736    6.0000
   56.3769   60.1290    6.0000
   57.2156   59.5843    6.0000
   58.0543   59.0397    6.0000
   58.8929   58.4951    6.0000
   59.7316   57.9504    6.0000
   60.5703   57.4058    6.0000
   61.4089   56.8611    6.0000
   62.2476   56.3165    6.0000
   63.0863   55.7719    6.0000
   63.9250   55.2272    6.0000
   64.7636   54.6826    6.0000
   65.6023   54.1379    6.0000
   66.4410   53.5933    6.0000
   67.2796   53.0487    6.0000
   68.1183   52.5040    6.0000
   68.9570   51.9594    6.0000
   69.7957   51.4147    6.0000
   70.6343   50.8701    6.0000
   71.4730   50.3255    6.0000
   72.3117   49.7808    6.0000
   73.1503   49.2362    6.0000
   73.9890   48.6915    6.0000
   74.8277   48.1469    6.0000
   75.6663   47.6023    6.0000
   76.5050   47.0576    6.0000
   77.3437   46.5130    6.0000
   78.1824   45.9684    6.0000
   79.0210   45.4237    6.0000
   79.8597   44.8791    6.0000
   80.6984   44.3344    6.0000
   81.5370   43.7898    6.0000
   82.3757   43.2452    6.0000
   83.2144   42.7005    6.0000
   84.0531   42.1559    6.0000
   84.8917   41.6112    6.0000
   85.7304   41.0666    6.0000
   53.0222   62.3075    7.0000
   53.8609   61.7629    7.0000
   54.6996   61.2182    7.0000
   55.5383   60.6736    7.0000
   56.3769   60.1290    7.0000
   57.2156   59.5843    7.0000
   58.0543   59.0397    7.0000
   58.8929   58.4951    7.0000
   59.7316   57.9504    7.0000
   60.5703   57.4058    7.0000
   61.4089   56.8611    7.0000
   62.2476   56.3165    7.0000
   63.0863   55.7719    7.0000
   63.9250   55.2272    7.0000
   64.7636   54.6826    7.0000
   65.6023   54.1379    7.0000
   66.4410   53.5933    7.0000
   67.2796   53.0487    7.0000
   68.1183   52.5040    7.0000
   68.9570   51.9594    7.0000
   69.7957   51.4147    7.0000
   70.6343   50.8701    7.0000
   71.4730   50.3255    7.0000
   72.3117   49.7808    7.0000
   73.1503   49.2362    7.0000
   73.9890   48.6915    7.0000
   74.8277   48.1469    7.0000
   75.6663   47.6023    7.0000
   76.5050   47.0576    7.0000
   77.3437   46.5130    7.0000
   78.1824   45.9684    7.0000
   79.0210   45.4237    7.0000
   79.8597   44.8791    7.0000
   80.6984   44.3344    7.0000
   81.5370   43.7898    7.0000
   82.3757   43.2452    7.0000
   83.2144   42.7005    7.0000
   84.0531   42.1559    7.0000
   84.8917   41.6112    7.0000
   85.7304   41.0666    7.0000
   53.0222   62.3075    8.0000
   53.8609   61.7629    8.0000
   54.6996   61.2182    8.0000
   55.5383   60.6736    8.0000
   56.3769   60.1290    8.0000
   57.2156   59.5843    8.0000
   58.0543   59.0397    8.0000
   58.8929   58.4951    8.0000
   59.7316   57.9504    8.0000
   60.5703   57.4058    8.0000
   61.4089   56.8611    8.0000
   62.2476   56.3165    8.0000
   63.0863   55.7719    8.0000
   63.9250   55.2272    8.0000
   64.7636   54.6826    8.0000
   65.6023   54.1379    8.0000
   66.4410   53.5933    8.0000
   67.2796   53.0487    8.0000
   68.1183   52.5040    8.0000
   68.9570   51.9594    8.0000
   69.7957   51.4147    8.0000
   70.6343   50.8701    8.0000
   71.4730   50.3255    8.0000
   72.3117   49.7808    8.0000
   73.1503   49.2362    8.0000
   73.9890   48.6915    8.0000
   74.8277   48.1469    8.0000
   75.6663   47.6023    8.0000
   76.5050   47.0576    8.0000
   77.3437   46.5130    8.0000
   78.1824   45.9684    8.0000
   79.0210   45.4237    8.0000
   79.8597   44.8791    8.0000
   80.6984   44.3344    8.0000
   81.5370   43.7898    8.0000
   82.3757   43.2452    8.0000
   83.2144   42.7005    8.0000
   84.0531   42.1559    8.0000
   84.8917   41.6112    8.0000
   85.7304   41.0666    8.0000
   53.0222   62.3075    9.0000
   53.8609   61.7629    9.0000
   54.6996   61.2182    9.0000
   55.5383   60.6736    9.0000
   56.3769   60.1290    9.0000
   57.2156   59.5843    9.0000
   58.0543   59.0397    9.0000
   58.8929   58.4951    9.0000
   59.7316   57.9504    9.0000
   60.5703   57.4058    9.0000
   61.4089   56.8611    9.0000
   62.2476   56.3165    9.0000
   63.0863   55.7719    9.0000
   63.9250   55.2272    9.0000
   64.7636   54.6826    9.0000
   65.6023   54.1379    9.0000
   66.4410   53.5933    9.0000
   67.2796   53.0487    9.0000
   68.1183   52.5040    9.0000
   68.9570   51.9594    9.0000
   69.7957   51.4147    9.0000
   70.6343   50.8701    9.0000
   71.4730   50.3255    9.0000
   72.3117   49.7808    9.0000
   73.1503   49.2362    9.0000
   73.9890   48.6915    9.0000
   74.8277   48.1469    9.0000
   75.6663   47.6023    9.0000
   76.5050   47.0576    9.0000
   77.3437   46.5130    9.0000
   78.1824   45.9684    9.0000
   79.0210   45.4237    9.0000
   79.8597   44.8791    9.0000
   80.6984   44.3344    9.0000
   81.5370   43.7898    9.0000
   82.3757   43.2452    9.0000
   83.2144   42.7005    9.0000
   84.0531   42.1559    9.0000
   84.8917   41.6112    9.0000
   85.7304   41.0666    9.0000
   53.0222   62.3075   10.0000
   53.8609   61.7629   10.0000
   54.6996   61.2182   10.0000
   55.5383   60.6736   10.0000
   56.3769   60.1290   10.0000
   57.2156   59.5843   10.0000
   58.0543   59.0397   10.0000
   58.8929   58.4951   10.0000
   59.7316   57.9504   10.0000
   60.5703   57.4058   10.0000
   61.4089   56.8611   10.0000
   62.2476   56.3165   10.0000
   63.0863   55.7719   10.0000
   63.9250   55.2272   10.0000
   64.7636   54.6826   10.0000
   65.6023   54.1379   10.0000
   66.4410   53.5933   10.0000
   67.2796   53.0487   10.0000
   68.1183   52.5040   10.0000
   68.9570   51.9594   10.0000
   69.7957   51.4147   10.0000
   70.6343   50.8701   10.0000
   71.4730   50.3255   10.0000
   72.3117   49.7808   10.0000
   73.1503   49.2362   10.0000
   73.9890   48.6915   10.0000
   74.8277   48.1469   10.0000
   75.6663   47.6023   10.0000
   76.5050   47.0576   10.0000
   77.3437   46.5130   10.0000
   78.1824   45.9684   10.0000
   79.0210   45.4237   10.0000
   79.8597   44.8791   10.0000
   80.6984   44.3344   10.0000
   81.5370   43.7898   10.0000
   82.3757   43.2452   10.0000
   83.2144   42.7005   10.0000
   84.0531   42.1559   10.0000
   84.8917   41.6112   10.0000
   85.7304   41.0666   10.0000
   53.0222   62.3075   11.0000
   53.8609   61.7629   11.0000
   54.6996   61.2182   11.0000
   55.5383   60.6736   11.0000
   56.3769   60.1290   11.0000
   57.2156   59.5843   11.0000
   58.0543   59.0397   11.0000
   58.8929   58.4951   11.0000
   59.7316   57.9504   11.0000
   60.5703   57.4058   11.0000
   61.4089   56.8611   11.0000
   62.2476   56.3165   11.0000
   63.0863   55.7719   11.0000
   63.9250   55.2272   11.0000
   64.7636   54.6826   11.0000
   65.6023   54.1379   11.0000
   66.4410   53.5933   11.0000
   67.2796   53.0487   11.0000
   68.1183   52.5040   11.0000
   68.9570   51.9594   11.0000
   69.7957   51.4147   11.0000
   70.6343   50.8701   11.0000
   71.4730   50.3255   11.0000
   72.3117   49.7808   11.0000
   73.1503   49.2362   11.0000
   73.9890   48.6915   11.0000
   74.8277   48.1469   11.0000
   75.6663   47.6023   11.0000
   76.5050   47.0576   11.0000
   77.3437   46.5130   11.0000
   78.1824   45.9684   11.0000
   79.0210   45.4237   11.0000
   79.8597   44.8791   11.0000
   80.6984   44.3344   11.0000
   81.5370   43.7898   11.0000
   82.3757   43.2452   11.0000
   83.2144   42.7005   11.0000
   84.0531   42.1559   11.0000
   84.8917   41.6112   11.0000
   85.7304   41.0666   11.0000
   53.0222   62.3075   12.0000
   53.8609   61.7629   12.0000
   54.6996   61.2182   12.0000
   55.5383   60.6736   12.0000
   56.3769   60.1290   12.0000
   57.2156   59.5843   12.0000
   58.0543   59.0397   12.0000
   58.8929   58.4951   12.0000
   59.7316   57.9504   12.0000
   60.5703   57.4058   12.0000
   61.4089   56.8611   12.0000
   62.2476   56.3165   12.0000
   63.0863   55.7719   12.0000
   63.9250   55.2272   12.0000
   64.7636   54.6826   12.0000
   65.6023   54.1379   12.0000
   66.4410   53.5933   12.0000
   67.2796   53.0487   12.0000
   68.1183   52.5040   12.0000
   68.9570   51.9594   12.0000
   69.7957   51.4147   12.0000
   70.6343   50.8701   12.0000
   71.4730   50.3255   12.0000
   72.3117   49.7808   12.0000
   73.1503   49.2362   12.0000
   73.9890   48.6915   12.0000
   74.8277   48.1469   12.0000
   75.6663   47.6023   12.0000
   76.5050   47.0576   12.0000
   77.3437   46.5130   12.0000
   78.1824   45.9684   12.0000
   79.0210   45.4237   12.0000
   79.8597   44.8791   12.0000
   80.6984   44.3344   12.0000
   81.5370   43.7898   12.0000
   82.3757   43.2452   12.0000
   83.2144   42.7005   12.0000
   84.0531   42.1559   12.0000
   84.8917   41.6112   12.0000
   85.7304   41.0666   12.0000
   53.0222   62.3075   13.0000
   53.8609   61.7629   13.0000
   54.6996   61.2182   13.0000
   55.5383   60.6736   13.0000
   56.3769   60.1290   13.0000
   57.2156   59.5843   13.0000
   58.0543   59.0397   13.0000
   58.8929   58.4951   13.0000
   59.7316   57.9504   13.0000
   60.5703   57.4058   13.0000
   61.4089   56.8611   13.0000
   62.2476   56.3165   13.0000
   63.0863   55.7719   13.0000
   63.9250   55.2272   13.0000
   64.7636   54.6826   13.0000
   65.6023   54.1379   13.0000
   66.4410   53.5933   13.0000
   67.2796   53.0487   13.0000
   68.1183   52.5040   13.0000
   68.9570   51.9594   13.0000
   69.7957   51.4147   13.0000
   70.6343   50.8701   13.0000
   71.4730   50.3255   13.0000
   72.3117   49.7808   13.0000
   73.1503   49.2362   13.0000
   73.9890   48.6915   13.0000
   74.8277   48.1469   13.0000
   75.6663   47.6023   13.0000
   76.5050   47.0576   13.0000
   77.3437   46.5130   13.0000
   78.1824   45.9684   13.0000
   79.0210   45.4237   13.0000
   79.8597   44.8791   13.0000
   80.6984   44.3344   13.0000
   81.5370   43.7898   13.0000
   82.3757   43.2452   13.0000
   83.2144   42.7005   13.0000
   84.0531   42.1559   13.0000
   84.8917   41.6112   13.0000
   85.7304   41.0666   13.0000
   53.0222   62.3075   14.0000
   53.8609   61.7629   14.0000
   54.6996   61.2182   14.0000
   55.5383   60.6736   14.0000
   56.3769   60.1290   14.0000
   57.2156   59.5843   14.0000
   58.0543   59.0397   14.0000
   58.8929   58.4951   14.0000
   59.7316   57.9504   14.0000
   60.5703   57.4058   14.0000
   61.4089   56.8611   14.0000
   62.2476   56.3165   14.0000
   63.0863   55.7719   14.0000
   63.9250   55.2272   14.0000
   64.7636   54.6826   14.0000
   65.6023   54.1379   14.0000
   66.4410   53.5933   14.0000
   67.2796   53.0487   14.0000
   68.1183   52.5040   14.0000
   68.9570   51.9594   14.0000
   69.7957   51.4147   14.0000
   70.6343   50.8701   14.0000
   71.4730   50.3255   14.0000
   72.3117   49.7808   14.0000
   73.1503   49.2362   14.0000
   73.9890   48.6915   14.0000
   74.8277   48.1469   14.0000
   75.6663   47.6023   14.0000
   76.5050   47.0576   14.0000
   77.3437   46.5130   14.0000
   78.1824   45.9684   14.0000
   79.0210   45.4237   14.0000
   79.8597   44.8791   14.0000
   80.6984   44.3344   14.0000
   81.5370   43.7898   14.0000
   82.3757   43.2452   14.0000
   83.2144   42.7005   14.0000
   84.0531   42.1559   14.0000
   84.8917   41.6112   14.0000
   85.7304   41.0666   14.0000
   53.0222   62.3075   15.0000
   53.8609   61.7629   15.0000
   54.6996   61.2182   15.0000
   55.5383   60.6736   15.0000
   56.3769   60.1290   15.0000
   57.2156   59.5843   15.0000
   58.0543   59.0397   15.0000
   58.8929   58.4951   15.0000
   59.7316   57.9504   15.0000
   60.5703   57.4058   15.0000
   61.4089   56.8611   15.0000
   62.2476   56.3165   15.0000
   63.0863   55.7719   15.0000
   63.9250   55.2272   15.0000
   64.7636   54.6826   15.0000
   65.6023   54.1379   15.0000
   66.4410   53.5933   15.0000
   67.2796   53.0487   15.0000
   68.1183   52.5040   15.0000
   68.9570   51.9594   15.0000
   69.7957   51.4147   15.0000
   70.6343   50.8701   15.0000
   71.4730   50.3255   15.0000
   72.3117   49.7808   15.0000
   73.1503   49.2362   15.0000
   73.9890   48.6915   15.0000
   74.8277   48.1469   15.0000
   75.6663   47.6023   15.0000
   76.5050   47.0576   15.0000
   77.3437   46.5130   15.0000
   78.1824   45.9684   15.0000
   79.0210   45.4237   15.0000
   79.8597   44.8791   15.0000
   80.6984   44.3344   15.0000
   81.5370   43.7898   15.0000
   82.3757   43.2452   15.0000
   83.2144   42.7005   15.0000
   84.0531   42.1559   15.0000
   84.8917   41.6112   15.0000
   85.7304   41.0666   15.0000
   53.0222   62.3075   16.0000
   53.8609   61.7629   16.0000
   54.6996   61.2182   16.0000
   55.5383   60.6736   16.0000
   56.3769   60.1290   16.0000
   57.2156   59.5843   16.0000
   58.0543   59.0397   16.0000
   58.8929   58.4951   16.0000
   59.7316   57.9504   16.0000
   60.5703   57.4058   16.0000
   61.4089   56.8611   16.0000
   62.2476   56.3165   16.0000
   63.0863   55.7719   16.0000
   63.9250   55.2272   16.0000
   64.7636   54.6826   16.0000
   65.6023   54.1379   16.0000
   66.4410   53.5933   16.0000
   67.2796   53.0487   16.0000
   68.1183   52.5040   16.0000
   68.9570   51.9594   16.0000
   69.7957   51.4147   16.0000
   70.6343   50.8701   16.0000
   71.4730   50.3255   16.0000
   72.3117   49.7808   16.0000
   73.1503   49.2362   16.0000
   73.9890   48.6915   16.0000
   74.8277   48.1469   16.0000
   75.6663   47.6023   16.0000
   76.5050   47.0576   16.0000
   77.3437   46.5130   16.0000
   78.1824   45.9684   16.0000
   79.0210   45.4237   16.0000
   79.8597   44.8791   16.0000
   80.6984   44.3344   16.0000
   81.5370   43.7898   16.0000
   82.3757   43.2452   16.0000
   83.2144   42.7005   16.0000
   84.0531   42.1559   16.0000
   84.8917   41.6112   16.0000
   85.7304   41.0666   16.0000
   53.0222   62.3075   17.0000
   53.8609   61.7629   17.0000
   54.6996   61.2182   17.0000
   55.5383   60.6736   17.0000
   56.3769   60.1290   17.0000
   57.2156   59.5843   17.0000
   58.0543   59.0397   17.0000
   58.8929   58.4951   17.0000
   59.7316   57.9504   17.0000
   60.5703   57.4058   17.0000
   61.4089   56.8611   17.0000
   62.2476   56.3165   17.0000
   63.0863   55.7719   17.0000
   63.9250   55.2272   17.0000
   64.7636   54.6826   17.0000
   65.6023   54.1379   17.0000
   66.4410   53.5933   17.0000
   67.2796   53.0487   17.0000
   68.1183   52.5040   17.0000
   68.9570   51.9594   17.0000
   69.7957   51.4147   17.0000
   70.6343   50.8701   17.0000
   71.4730   50.3255   17.0000
   72.3117   49.7808   17.0000
   73.1503   49.2362   17.0000
   73.9890   48.6915   17.0000
   74.8277   48.1469   17.0000
   75.6663   47.6023   17.0000
   76.5050   47.0576   17.0000
   77.3437   46.5130   17.0000
   78.1824   45.9684   17.0000
   79.0210   45.4237   17.0000
   79.8597   44.8791   17.0000
   80.6984   44.3344   17.0000
   81.5370   43.7898   17.0000
   82.3757   43.2452   17.0000
   83.2144   42.7005   17.0000
   84.0531   42.1559   17.0000
   84.8917   41.6112   17.0000
   85.7304   41.0666   17.0000
   53.0222   62.3075   18.0000
   53.8609   61.7629   18.0000
   54.6996   61.2182   18.0000
   55.5383   60.6736   18.0000
   56.3769   60.1290   18.0000
   57.2156   59.5843   18.0000
   58.0543   59.0397   18.0000
   58.8929   58.4951   18.0000
   59.7316   57.9504   18.0000
   60.5703   57.4058   18.0000
   61.4089   56.8611   18.0000
   62.2476   56.3165   18.0000
   63.0863   55.7719   18.0000
   63.9250   55.2272   18.0000
   64.7636   54.6826   18.0000
   65.6023   54.1379   18.0000
   66.4410   53.5933   18.0000
   67.2796   53.0487   18.0000
   68.1183   52.5040   18.0000
   68.9570   51.9594   18.0000
   69.7957   51.4147   18.0000
   70.6343   50.8701   18.0000
   71.4730   50.3255   18.0000
   72.3117   49.7808   18.0000
   73.1503   49.2362   18.0000
   73.9890   48.6915   18.0000
   74.8277   48.1469   18.0000
   75.6663   47.6023   18.0000
   76.5050   47.0576   18.0000
   77.3437   46.5130   18.0000
   78.1824   45.9684   18.0000
   79.0210   45.4237   18.0000
   79.8597   44.8791   18.0000
   80.6984   44.3344   18.0000
   81.5370   43.7898   18.0000
   82.3757   43.2452   18.0000
   83.2144   42.7005   18.0000
   84.0531   42.1559   18.0000
   84.8917   41.6112   18.0000
   85.7304   41.0666   18.0000
   53.0222   62.3075   19.0000
   53.8609   61.7629   19.0000
   54.6996   61.2182   19.0000
   55.5383   60.6736   19.0000
   56.3769   60.1290   19.0000
   57.2156   59.5843   19.0000
   58.0543   59.0397   19.0000
   58.8929   58.4951   19.0000
   59.7316   57.9504   19.0000
   60.5703   57.4058   19.0000
   61.4089   56.8611   19.0000
   62.2476   56.3165   19.0000
   63.0863   55.7719   19.0000
   63.9250   55.2272   19.0000
   64.7636   54.6826   19.0000
   65.6023   54.1379   19.0000
   66.4410   53.5933   19.0000
   67.2796   53.0487   19.0000
   68.1183   52.5040   19.0000
   68.9570   51.9594   19.0000
   69.7957   51.4147   19.0000
   70.6343   50.8701   19.0000
   71.4730   50.3255   19.0000
   72.3117   49.7808   19.0000
   73.1503   49.2362   19.0000
   73.9890   48.6915   19.0000
   74.8277   48.1469   19.0000
   75.6663   47.6023   19.0000
   76.5050   47.0576   19.0000
   77.3437   46.5130   19.0000
   78.1824   45.9684   19.0000
   79.0210   45.4237   19.0000
   79.8597   44.8791   19.0000
   80.6984   44.3344   19.0000
   81.5370   43.7898   19.0000
   82.3757   43.2452   19.0000
   83.2144   42.7005   19.0000
   84.0531   42.1559   19.0000
   84.8917   41.6112   19.0000
   85.7304   41.0666   19.0000
   53.0222   62.3075   20.0000
   53.8609   61.7629   20.0000
   54.6996   61.2182   20.0000
   55.5383   60.6736   20.0000
   56.3769   60.1290   20.0000
   57.2156   59.5843   20.0000
   58.0543   59.0397   20.0000
   58.8929   58.4951   20.0000
   59.7316   57.9504   20.0000
   60.5703   57.4058   20.0000
   61.4089   56.8611   20.0000
   62.2476   56.3165   20.0000
   63.0863   55.7719   20.0000
   63.9250   55.2272   20.0000
   64.7636   54.6826   20.0000
   65.6023   54.1379   20.0000
   66.4410   53.5933   20.0000
   67.2796   53.0487   20.0000
   68.1183   52.5040   20.0000
   68.9570   51.9594   20.0000
   69.7957   51.4147   20.0000
   70.6343   50.8701   20.0000
   71.4730   50.3255   20.0000
   72.3117   49.7808   20.0000
   73.1503   49.2362   20.0000
   73.9890   48.6915   20.0000
   74.8277   48.1469   20.0000
   75.6663   47.6023   20.0000
   76.5050   47.0576   20.0000
   77.3437   46.5130   20.0000
   78.1824   45.9684   20.0000
   79.0210   45.4237   20.0000
   79.8597   44.8791   20.0000
   80.6984   44.3344   20.0000
   81.5370   43.7898   20.0000
   82.3757   43.2452   20.0000
   83.2144   42.7005   20.0000
   84.0531   42.1559   20.0000
   84.8917   41.6112   20.0000
   85.7304   41.0666   20.0000
   53.0222   62.3075   21.0000
   53.8609   61.7629   21.0000
   54.6996   61.2182   21.0000
   55.5383   60.6736   21.0000
   56.3769   60.1290   21.0000
   57.2156   59.5843   21.0000
   58.0543   59.0397   21.0000
   58.8929   58.4951   21.0000
   59.7316   57.9504   21.0000
   60.5703   57.4058   21.0000
   61.4089   56.8611   21.0000
   62.2476   56.3165   21.0000
   63.0863   55.7719   21.0000
   63.9250   55.2272   21.0000
   64.7636   54.6826   21.0000
   65.6023   54.1379   21.0000
   66.4410   53.5933   21.0000
   67.2796   53.0487   21.0000
   68.1183   52.5040   21.0000
   68.9570   51.9594   21.0000
   69.7957   51.4147   21.0000
   70.6343   50.8701   21.0000
   71.4730   50.3255   21.0000
   72.3117   49.7808   21.0000
   73.1503   49.2362   21.0000
   73.9890   48.6915   21.0000
   74.8277   48.1469   21.0000
   75.6663   47.6023   21.0000
   76.5050   47.0576   21.0000
   77.3437   46.5130   21.0000
   78.1824   45.9684   21.0000
   79.0210   45.4237   21.0000
   79.8597   44.8791   21.0000
   80.6984   44.3344   21.0000
   81.5370   43.7898   21.0000
   82.3757   43.2452   21.0000
   83.2144   42.7005   21.0000
   84.0531   42.1559   21.0000
   84.8917   41.6112   21.0000
   85.7304   41.0666   21.0000
   53.0222   62.3075   22.0000
   53.8609   61.7629   22.0000
   54.6996   61.2182   22.0000
   55.5383   60.6736   22.0000
   56.3769   60.1290   22.0000
   57.2156   59.5843   22.0000
   58.0543   59.0397   22.0000
   58.8929   58.4951   22.0000
   59.7316   57.9504   22.0000
   60.5703   57.4058   22.0000
   61.4089   56.8611   22.0000
   62.2476   56.3165   22.0000
   63.0863   55.7719   22.0000
   63.9250   55.2272   22.0000
   64.7636   54.6826   22.0000
   65.6023   54.1379   22.0000
   66.4410   53.5933   22.0000
   67.2796   53.0487   22.0000
   68.1183   52.5040   22.0000
   68.9570   51.9594   22.0000
   69.7957   51.4147   22.0000
   70.6343   50.8701   22.0000
   71.4730   50.3255   22.0000
   72.3117   49.7808   22.0000
   73.1503   49.2362   22.0000
   73.9890   48.6915   22.0000
   74.8277   48.1469   22.0000
   75.6663   47.6023   22.0000
   76.5050   47.0576   22.0000
   77.3437   46.5130   22.0000
   78.1824   45.9684   22.0000
   79.0210   45.4237   22.0000
   79.8597   44.8791   22.0000
   80.6984   44.3344   22.0000
   81.5370   43.7898   22.0000
   82.3757   43.2452   22.0000
   83.2144   42.7005   22.0000
   84.0531   42.1559   22.0000
   84.8917   41.6112   22.0000
   85.7304   41.0666   22.0000
   53.0222   62.3075   23.0000
   53.8609   61.7629   23.0000
   54.6996   61.2182   23.0000
   55.5383   60.6736   23.0000
   56.3769   60.1290   23.0000
   57.2156   59.5843   23.0000
   58.0543   59.0397   23.0000
   58.8929   58.4951   23.0000
   59.7316   57.9504   23.0000
   60.5703   57.4058   23.0000
   61.4089   56.8611   23.0000
   62.2476   56.3165   23.0000
   63.0863   55.7719   23.0000
   63.9250   55.2272   23.0000
   64.7636   54.6826   23.0000
   65.6023   54.1379   23.0000
   66.4410   53.5933   23.0000
   67.2796   53.0487   23.0000
   68.1183   52.5040   23.0000
   68.9570   51.9594   23.0000
   69.7957   51.4147   23.0000
   70.6343   50.8701   23.0000
   71.4730   50.3255   23.0000
   72.3117   49.7808   23.0000
   73.1503   49.2362   23.0000
   73.9890   48.6915   23.0000
   74.8277   48.1469   23.0000
   75.6663   47.6023   23.0000
   76.5050   47.0576   23.0000
   77.3437   46.5130   23.0000
   78.1824   45.9684   23.0000
   79.0210   45.4237   23.0000
   79.8597   44.8791   23.0000
   80.6984   44.3344   23.0000
   81.5370   43.7898   23.0000
   82.3757   43.2452   23.0000
   83.2144   42.7005   23.0000
   84.0531   42.1559   23.0000
   84.8917   41.6112   23.0000
   85.7304   41.0666   23.0000
   53.0222   62.3075   24.0000
   53.8609   61.7629   24.0000
   54.6996   61.2182   24.0000
   55.5383   60.6736   24.0000
   56.3769   60.1290   24.0000
   57.2156   59.5843   24.0000
   58.0543   59.0397   24.0000
   58.8929   58.4951   24.0000
   59.7316   57.9504   24.0000
   60.5703   57.4058   24.0000
   61.4089   56.8611   24.0000
   62.2476   56.3165   24.0000
   63.0863   55.7719   24.0000
   63.9250   55.2272   24.0000
   64.7636   54.6826   24.0000
   65.6023   54.1379   24.0000
   66.4410   53.5933   24.0000
   67.2796   53.0487   24.0000
   68.1183   52.5040   24.0000
   68.9570   51.9594   24.0000
   69.7957   51.4147   24.0000
   70.6343   50.8701   24.0000
   71.4730   50.3255   24.0000
   72.3117   49.7808   24.0000
   73.1503   49.2362   24.0000
   73.9890   48.6915   24.0000
   74.8277   48.1469   24.0000
   75.6663   47.6023   24.0000
   76.5050   47.0576   24.0000
   77.3437   46.5130   24.0000
   78.1824   45.9684   24.0000
   79.0210   45.4237   24.0000
   79.8597   44.8791   24.0000
   80.6984   44.3344   24.0000
   81.5370   43.7898   24.0000
   82.3757   43.2452   24.0000
   83.2144   42.7005   24.0000
   84.0531   42.1559   24.0000
   84.8917   41.6112   24.0000
   85.7304   41.0666   24.0000
   53.0222   62.3075   25.0000
   53.8609   61.7629   25.0000
   54.6996   61.2182   25.0000
   55.5383   60.6736   25.0000
   56.3769   60.1290   25.0000
   57.2156   59.5843   25.0000
   58.0543   59.0397   25.0000
   58.8929   58.4951   25.0000
   59.7316   57.9504   25.0000
   60.5703   57.4058   25.0000
   61.4089   56.8611   25.0000
   62.2476   56.3165   25.0000
   63.0863   55.7719   25.0000
   63.9250   55.2272   25.0000
   64.7636   54.6826   25.0000
   65.6023   54.1379   25.0000
   66.4410   53.5933   25.0000
   67.2796   53.0487   25.0000
   68.1183   52.5040   25.0000
   68.9570   51.9594   25.0000
   69.7957   51.4147   25.0000
   70.6343   50.8701   25.0000
   71.4730   50.3255   25.0000
   72.3117   49.7808   25.0000
   73.1503   49.2362   25.0000
   73.9890   48.6915   25.0000
   74.8277   48.1469   25.0000
   75.6663   47.6023   25.0000
   76.5050   47.0576   25.0000
   77.3437   46.5130   25.0000
   78.1824   45.9684   25.0000
   79.0210   45.4237   25.0000
   79.8597   44.8791   25.0000
   80.6984   44.3344   25.0000
   81.5370   43.7898   25.0000
   82.3757   43.2452   25.0000
   83.2144   42.7005   25.0000
   84.0531   42.1559   25.0000
   84.8917   41.6112   25.0000
   85.7304   41.0666   25.0000
   53.0222   62.3075   26.0000
   53.8609   61.7629   26.0000
   54.6996   61.2182   26.0000
   55.5383   60.6736   26.0000
   56.3769   60.1290   26.0000
   57.2156   59.5843   26.0000
   58.0543   59.0397   26.0000
   58.8929   58.4951   26.0000
   59.7316   57.9504   26.0000
   60.5703   57.4058   26.0000
   61.4089   56.8611   26.0000
   62.2476   56.3165   26.0000
   63.0863   55.7719   26.0000
   63.9250   55.2272   26.0000
   64.7636   54.6826   26.0000
   65.6023   54.1379   26.0000
   66.4410   53.5933   26.0000
   67.2796   53.0487   26.0000
   68.1183   52.5040   26.0000
   68.9570   51.9594   26.0000
   69.7957   51.4147   26.0000
   70.6343   50.8701   26.0000
   71.4730   50.3255   26.0000
   72.3117   49.7808   26.0000
   73.1503   49.2362   26.0000
   73.9890   48.6915   26.0000
   74.8277   48.1469   26.0000
   75.6663   47.6023   26.0000
   76.5050   47.0576   26.0000
   77.3437   46.5130   26.0000
   78.1824   45.9684   26.0000
   79.0210   45.4237   26.0000
   79.8597   44.8791   26.0000
   80.6984   44.3344   26.0000
   81.5370   43.7898   26.0000
   82.3757   43.2452   26.0000
   83.2144   42.7005   26.0000
   84.0531   42.1559   26.0000
   84.8917   41.6112   26.0000
   85.7304   41.0666   26.0000
   53.0222   62.3075   27.0000
   53.8609   61.7629   27.0000
   54.6996   61.2182   27.0000
   55.5383   60.6736   27.0000
   56.3769   60.1290   27.0000
   57.2156   59.5843   27.0000
   58.0543   59.0397   27.0000
   58.8929   58.4951   27.0000
   59.7316   57.9504   27.0000
   60.5703   57.4058   27.0000
   61.4089   56.8611   27.0000
   62.2476   56.3165   27.0000
   63.0863   55.7719   27.0000
   63.9250   55.2272   27.0000
   64.7636   54.6826   27.0000
   65.6023   54.1379   27.0000
   66.4410   53.5933   27.0000
   67.2796   53.0487   27.0000
   68.1183   52.5040   27.0000
   68.9570   51.9594   27.0000
   69.7957   51.4147   27.0000
   70.6343   50.8701   27.0000
   71.4730   50.3255   27.0000
   72.3117   49.7808   27.0000
   73.1503   49.2362   27.0000
   73.9890   48.6915   27.0000
   74.8277   48.1469   27.0000
   75.6663   47.6023   27.0000
   76.5050   47.0576   27.0000
   77.3437   46.5130   27.0000
   78.1824   45.9684   27.0000
   79.0210   45.4237   27.0000
   79.8597   44.8791   27.0000
   80.6984   44.3344   27.0000
   81.5370   43.7898   27.0000
   82.3757   43.2452   27.0000
   83.2144   42.7005   27.0000
   84.0531   42.1559   27.0000
   84.8917   41.6112   27.0000
   85.7304   41.0666   27.0000
   53.0222   62.3075   28.0000
   53.8609   61.7629   28.0000
   54.6996   61.2182   28.0000
   55.5383   60.6736   28.0000
   56.3769   60.1290   28.0000
   57.2156   59.5843   28.0000
   58.0543   59.0397   28.0000
   58.8929   58.4951   28.0000
   59.7316   57.9504   28.0000
   60.5703   57.4058   28.0000
   61.4089   56.8611   28.0000
   62.2476   56.3165   28.0000
   63.0863   55.7719   28.0000
   63.9250   55.2272   28.0000
   64.7636   54.6826   28.0000
   65.6023   54.1379   28.0000
   66.4410   53.5933   28.0000
   67.2796   53.0487   28.0000
   68.1183   52.5040   28.0000
   68.9570   51.9594   28.0000
   69.7957   51.4147   28.0000
   70.6343   50.8701   28.0000
   71.4730   50.3255   28.0000
   72.3117   49.7808   28.0000
   73.1503   49.2362   28.0000
   73.9890   48.6915   28.0000
   74.8277   48.1469   28.0000
   75.6663   47.6023   28.0000
   76.5050   47.0576   28.0000
   77.3437   46.5130   28.0000
   78.1824   45.9684   28.0000
   79.0210   45.4237   28.0000
   79.8597   44.8791   28.0000
   80.6984   44.3344   28.0000
   81.5370   43.7898   28.0000
   82.3757   43.2452   28.0000
   83.2144   42.7005   28.0000
   84.0531   42.1559   28.0000
   84.8917   41.6112   28.0000
   85.7304   41.0666   28.0000
   53.0222   62.3075   29.0000
   53.8609   61.7629   29.0000
   54.6996   61.2182   29.0000
   55.5383   60.6736   29.0000
   56.3769   60.1290   29.0000
   57.2156   59.5843   29.0000
   58.0543   59.0397   29.0000
   58.8929   58.4951   29.0000
   59.7316   57.9504   29.0000
   60.5703   57.4058   29.0000
   61.4089   56.8611   29.0000
   62.2476   56.3165   29.0000
   63.0863   55.7719   29.0000
   63.9250   55.2272   29.0000
   64.7636   54.6826   29.0000
   65.6023   54.1379   29.0000
   66.4410   53.5933   29.0000
   67.2796   53.0487   29.0000
   68.1183   52.5040   29.0000
   68.9570   51.9594   29.0000
   69.7957   51.4147   29.0000
   70.6343   50.8701   29.0000
   71.4730   50.3255   29.0000
   72.3117   49.7808   29.0000
   73.1503   49.2362   29.0000
   73.9890   48.6915   29.0000
   74.8277   48.1469   29.0000
   75.6663   47.6023   29.0000
   76.5050   47.0576   29.0000
   77.3437   46.5130   29.0000
   78.1824   45.9684   29.0000
   79.0210   45.4237   29.0000
   79.8597   44.8791   29.0000
   80.6984   44.3344   29.0000
   81.5370   43.7898   29.0000
   82.3757   43.2452   29.0000
   83.2144   42.7005   29.0000
   84.0531   42.1559   29.0000
   84.8917   41.6112   29.0000
   85.7304   41.0666   29.0000
   53.0222   62.3075   30.0000
   53.8609   61.7629   30.0000
   54.6996   61.2182   30.0000
   55.5383   60.6736   30.0000
   56.3769   60.1290   30.0000
   57.2156   59.5843   30.0000
   58.0543   59.0397   30.0000
   58.8929   58.4951   30.0000
   59.7316   57.9504   30.0000
   60.5703   57.4058   30.0000
   61.4089   56.8611   30.0000
   62.2476   56.3165   30.0000
   63.0863   55.7719   30.0000
   63.9250   55.2272   30.0000
   64.7636   54.6826   30.0000
   65.6023   54.1379   30.0000
   66.4410   53.5933   30.0000
   67.2796   53.0487   30.0000
   68.1183   52.5040   30.0000
   68.9570   51.9594   30.0000
   69.7957   51.4147   30.0000
   70.6343   50.8701   30.0000
   71.4730   50.3255   30.0000
   72.3117   49.7808   30.0000
   73.1503   49.2362   30.0000
   73.9890   48.6915   30.0000
   74.8277   48.1469   30.0000
   75.6663   47.6023   30.0000
   76.5050   47.0576   30.0000
   77.3437   46.5130   30.0000
   78.1824   45.9684   30.0000
   79.0210   45.4237   30.0000
   79.8597   44.8791   30.0000
   80.6984   44.3344   30.0000
   81.5370   43.7898   30.0000
   82.3757   43.2452   30.0000
   83.2144   42.7005   30.0000
   84.0531   42.1559   30.0000
   84.8917   41.6112   30.0000
   85.7304   41.0666   30.0000
   53.0222   62.3075   31.0000
   53.8609   61.7629   31.0000
   54.6996   61.2182   31.0000
   55.5383   60.6736   31.0000
   56.3769   60.1290   31.0000
   57.2156   59.5843   31.0000
   58.0543   59.0397   31.0000
   58.8929   58.4951   31.0000
   59.7316   57.9504   31.0000
   60.5703   57.4058   31.0000
   61.4089   56.8611   31.0000
   62.2476   56.3165   31.0000
   63.0863   55.7719   31.0000
   63.9250   55.2272   31.0000
   64.7636   54.6826   31.0000
   65.6023   54.1379   31.0000
   66.4410   53.5933   31.0000
   67.2796   53.0487   31.0000
   68.1183   52.5040   31.0000
   68.9570   51.9594   31.0000
   69.7957   51.4147   31.0000
   70.6343   50.8701   31.0000
   71.4730   50.3255   31.0000
   72.3117   49.7808   31.0000
   73.1503   49.2362   31.0000
   73.9890   48.6915   31.0000
   74.8277   48.1469   31.0000
   75.6663   47.6023   31.0000
   76.5050   47.0576   31.0000
   77.3437   46.5130   31.0000
   78.1824   45.9684   31.0000
   79.0210   45.4237   31.0000
   79.8597   44.8791   31.0000
   80.6984   44.3344   31.0000
   81.5370   43.7898   31.0000
   82.3757   43.2452   31.0000
   83.2144   42.7005   31.0000
   84.0531   42.1559   31.0000
   84.8917   41.6112   31.0000
   85.7304   41.0666   31.0000
   53.0222   62.3075   32.0000
   53.8609   61.7629   32.0000
   54.6996   61.2182   32.0000
   55.5383   60.6736   32.0000
   56.3769   60.1290   32.0000
   57.2156   59.5843   32.0000
   58.0543   59.0397   32.0000
   58.8929   58.4951   32.0000
   59.7316   57.9504   32.0000
   60.5703   57.4058   32.0000
   61.4089   56.8611   32.0000
   62.2476   56.3165   32.0000
   63.0863   55.7719   32.0000
   63.9250   55.2272   32.0000
   64.7636   54.6826   32.0000
   65.6023   54.1379   32.0000
   66.4410   53.5933   32.0000
   67.2796   53.0487   32.0000
   68.1183   52.5040   32.0000
   68.9570   51.9594   32.0000
   69.7957   51.4147   32.0000
   70.6343   50.8701   32.0000
   71.4730   50.3255   32.0000
   72.3117   49.7808   32.0000
   73.1503   49.2362   32.0000
   73.9890   48.6915   32.0000
   74.8277   48.1469   32.0000
   75.6663   47.6023   32.0000
   76.5050   47.0576   32.0000
   77.3437   46.5130   32.0000
   78.1824   45.9684   32.0000
   79.0210   45.4237   32.0000
   79.8597   44.8791   32.0000
   80.6984   44.3344   32.0000
   81.5370   43.7898   32.0000
   82.3757   43.2452   32.0000
   83.2144   42.7005   32.0000
   84.0531   42.1559   32.0000
   84.8917   41.6112   32.0000
   85.7304   41.0666   32.0000
   53.0222   62.3075   33.0000
   53.8609   61.7629   33.0000
   54.6996   61.2182   33.0000
   55.5383   60.6736   33.0000
   56.3769   60.1290   33.0000
   57.2156   59.5843   33.0000
   58.0543   59.0397   33.0000
   58.8929   58.4951   33.0000
   59.7316   57.9504   33.0000
   60.5703   57.4058   33.0000
   61.4089   56.8611   33.0000
   62.2476   56.3165   33.0000
   63.0863   55.7719   33.0000
   63.9250   55.2272   33.0000
   64.7636   54.6826   33.0000
   65.6023   54.1379   33.0000
   66.4410   53.5933   33.0000
   67.2796   53.0487   33.0000
   68.1183   52.5040   33.0000
   68.9570   51.9594   33.0000
   69.7957   51.4147   33.0000
   70.6343   50.8701   33.0000
   71.4730   50.3255   33.0000
   72.3117   49.7808   33.0000
   73.1503   49.2362   33.0000
   73.9890   48.6915   33.0000
   74.8277   48.1469   33.0000
   75.6663   47.6023   33.0000
   76.5050   47.0576   33.0000
   77.3437   46.5130   33.0000
   78.1824   45.9684   33.0000
   79.0210   45.4237   33.0000
   79.8597   44.8791   33.0000
   80.6984   44.3344   33.0000
   81.5370   43.7898   33.0000
   82.3757   43.2452   33.0000
   83.2144   42.7005   33.0000
   84.0531   42.1559   33.0000
   84.8917   41.6112   33.0000
   85.7304   41.0666   33.0000
   53.0222   62.3075   34.0000
   53.8609   61.7629   34.0000
   54.6996   61.2182   34.0000
   55.5383   60.6736   34.0000
   56.3769   60.1290   34.0000
   57.2156   59.5843   34.0000
   58.0543   59.0397   34.0000
   58.8929   58.4951   34.0000
   59.7316   57.9504   34.0000
   60.5703   57.4058   34.0000
   61.4089   56.8611   34.0000
   62.2476   56.3165   34.0000
   63.0863   55.7719   34.0000
   63.9250   55.2272   34.0000
   64.7636   54.6826   34.0000
   65.6023   54.1379   34.0000
   66.4410   53.5933   34.0000
   67.2796   53.0487   34.0000
   68.1183   52.5040   34.0000
   68.9570   51.9594   34.0000
   69.7957   51.4147   34.0000
   70.6343   50.8701   34.0000
   71.4730   50.3255   34.0000
   72.3117   49.7808   34.0000
   73.1503   49.2362   34.0000
   73.9890   48.6915   34.0000
   74.8277   48.1469   34.0000
   75.6663   47.6023   34.0000
   76.5050   47.0576   34.0000
   77.3437   46.5130   34.0000
   78.1824   45.9684   34.0000
   79.0210   45.4237   34.0000
   79.8597   44.8791   34.0000
   80.6984   44.3344   34.0000
   81.5370   43.7898   34.0000
   82.3757   43.2452   34.0000
   83.2144   42.7005   34.0000
   84.0531   42.1559   34.0000
   84.8917   41.6112   34.0000
   85.7304   41.0666   34.0000
   53.0222   62.3075   35.0000
   53.8609   61.7629   35.0000
   54.6996   61.2182   35.0000
   55.5383   60.6736   35.0000
   56.3769   60.1290   35.0000
   57.2156   59.5843   35.0000
   58.0543   59.0397   35.0000
   58.8929   58.4951   35.0000
   59.7316   57.9504   35.0000
   60.5703   57.4058   35.0000
   61.4089   56.8611   35.0000
   62.2476   56.3165   35.0000
   63.0863   55.7719   35.0000
   63.9250   55.2272   35.0000
   64.7636   54.6826   35.0000
   65.6023   54.1379   35.0000
   66.4410   53.5933   35.0000
   67.2796   53.0487   35.0000
   68.1183   52.5040   35.0000
   68.9570   51.9594   35.0000
   69.7957   51.4147   35.0000
   70.6343   50.8701   35.0000
   71.4730   50.3255   35.0000
   72.3117   49.7808   35.0000
   73.1503   49.2362   35.0000
   73.9890   48.6915   35.0000
   74.8277   48.1469   35.0000
   75.6663   47.6023   35.0000
   76.5050   47.0576   35.0000
   77.3437   46.5130   35.0000
   78.1824   45.9684   35.0000
   79.0210   45.4237   35.0000
   79.8597   44.8791   35.0000
   80.6984   44.3344   35.0000
   81.5370   43.7898   35.0000
   82.3757   43.2452   35.0000
   83.2144   42.7005   35.0000
   84.0531   42.1559   35.0000
   84.8917   41.6112   35.0000
   85.7304   41.0666   35.0000
   53.0222   62.3075   36.0000
   53.8609   61.7629   36.0000
   54.6996   61.2182   36.0000
   55.5383   60.6736   36.0000
   56.3769   60.1290   36.0000
   57.2156   59.5843   36.0000
   58.0543   59.0397   36.0000
   58.8929   58.4951   36.0000
   59.7316   57.9504   36.0000
   60.5703   57.4058   36.0000
   61.4089   56.8611   36.0000
   62.2476   56.3165   36.0000
   63.0863   55.7719   36.0000
   63.9250   55.2272   36.0000
   64.7636   54.6826   36.0000
   65.6023   54.1379   36.0000
   66.4410   53.5933   36.0000
   67.2796   53.0487   36.0000
   68.1183   52.5040   36.0000
   68.9570   51.9594   36.0000
   69.7957   51.4147   36.0000
   70.6343   50.8701   36.0000
   71.4730   50.3255   36.0000
   72.3117   49.7808   36.0000
   73.1503   49.2362   36.0000
   73.9890   48.6915   36.0000
   74.8277   48.1469   36.0000
   75.6663   47.6023   36.0000
   76.5050   47.0576   36.0000
   77.3437   46.5130   36.0000
   78.1824   45.9684   36.0000
   79.0210   45.4237   36.0000
   79.8597   44.8791   36.0000
   80.6984   44.3344   36.0000
   81.5370   43.7898   36.0000
   82.3757   43.2452   36.0000
   83.2144   42.7005   36.0000
   84.0531   42.1559   36.0000
   84.8917   41.6112   36.0000
   85.7304   41.0666   36.0000
   53.0222   62.3075   37.0000
   53.8609   61.7629   37.0000
   54.6996   61.2182   37.0000
   55.5383   60.6736   37.0000
   56.3769   60.1290   37.0000
   57.2156   59.5843   37.0000
   58.0543   59.0397   37.0000
   58.8929   58.4951   37.0000
   59.7316   57.9504   37.0000
   60.5703   57.4058   37.0000
   61.4089   56.8611   37.0000
   62.2476   56.3165   37.0000
   63.0863   55.7719   37.0000
   63.9250   55.2272   37.0000
   64.7636   54.6826   37.0000
   65.6023   54.1379   37.0000
   66.4410   53.5933   37.0000
   67.2796   53.0487   37.0000
   68.1183   52.5040   37.0000
   68.9570   51.9594   37.0000
   69.7957   51.4147   37.0000
   70.6343   50.8701   37.0000
   71.4730   50.3255   37.0000
   72.3117   49.7808   37.0000
   73.1503   49.2362   37.0000
   73.9890   48.6915   37.0000
   74.8277   48.1469   37.0000
   75.6663   47.6023   37.0000
   76.5050   47.0576   37.0000
   77.3437   46.5130   37.0000
   78.1824   45.9684   37.0000
   79.0210   45.4237   37.0000
   79.8597   44.8791   37.0000
   80.6984   44.3344   37.0000
   81.5370   43.7898   37.0000
   82.3757   43.2452   37.0000
   83.2144   42.7005   37.0000
   84.0531   42.1559   37.0000
   84.8917   41.6112   37.0000
   85.7304   41.0666   37.0000
   53.0222   62.3075   38.0000
   53.8609   61.7629   38.0000
   54.6996   61.2182   38.0000
   55.5383   60.6736   38.0000
   56.3769   60.1290   38.0000
   57.2156   59.5843   38.0000
   58.0543   59.0397   38.0000
   58.8929   58.4951   38.0000
   59.7316   57.9504   38.0000
   60.5703   57.4058   38.0000
   61.4089   56.8611   38.0000
   62.2476   56.3165   38.0000
   63.0863   55.7719   38.0000
   63.9250   55.2272   38.0000
   64.7636   54.6826   38.0000
   65.6023   54.1379   38.0000
   66.4410   53.5933   38.0000
   67.2796   53.0487   38.0000
   68.1183   52.5040   38.0000
   68.9570   51.9594   38.0000
   69.7957   51.4147   38.0000
   70.6343   50.8701   38.0000
   71.4730   50.3255   38.0000
   72.3117   49.7808   38.0000
   73.1503   49.2362   38.0000
   73.9890   48.6915   38.0000
   74.8277   48.1469   38.0000
   75.6663   47.6023   38.0000
   76.5050   47.0576   38.0000
   77.3437   46.5130   38.0000
   78.1824   45.9684   38.0000
   79.0210   45.4237   38.0000
   79.8597   44.8791   38.0000
   80.6984   44.3344   38.0000
   81.5370   43.7898   38.0000
   82.3757   43.2452   38.0000
   83.2144   42.7005   38.0000
   84.0531   42.1559   38.0000
   84.8917   41.6112   38.0000
   85.7304   41.0666   38.0000
   53.0222   62.3075   39.0000
   53.8609   61.7629   39.0000
   54.6996   61.2182   39.0000
   55.5383   60.6736   39.0000
   56.3769   60.1290   39.0000
   57.2156   59.5843   39.0000
   58.0543   59.0397   39.0000
   58.8929   58.4951   39.0000
   59.7316   57.9504   39.0000
   60.5703   57.4058   39.0000
   61.4089   56.8611   39.0000
   62.2476   56.3165   39.0000
   63.0863   55.7719   39.0000
   63.9250   55.2272   39.0000
   64.7636   54.6826   39.0000
   65.6023   54.1379   39.0000
   66.4410   53.5933   39.0000
   67.2796   53.0487   39.0000
   68.1183   52.5040   39.0000
   68.9570   51.9594   39.0000
   69.7957   51.4147   39.0000
   70.6343   50.8701   39.0000
   71.4730   50.3255   39.0000
   72.3117   49.7808   39.0000
   73.1503   49.2362   39.0000
   73.9890   48.6915   39.0000
   74.8277   48.1469   39.0000
   75.6663   47.6023   39.0000
   76.5050   47.0576   39.0000
   77.3437   46.5130   39.0000
   78.1824   45.9684   39.0000
   79.0210   45.4237   39.0000
   79.8597   44.8791   39.0000
   80.6984   44.3344   39.0000
   81.5370   43.7898   39.0000
   82.3757   43.2452   39.0000
   83.2144   42.7005   39.0000
   84.0531   42.1559   39.0000
   84.8917   41.6112   39.0000
   85.7304   41.0666   39.0000
   53.0222   62.3075   40.0000
   53.8609   61.7629   40.0000
   54.6996   61.2182   40.0000
   55.5383   60.6736   40.0000
   56.3769   60.1290   40.0000
   57.2156   59.5843   40.0000
   58.0543   59.0397   40.0000
   58.8929   58.4951   40.0000
   59.7316   57.9504   40.0000
   60.5703   57.4058   40.0000
   61.4089   56.8611   40.0000
   62.2476   56.3165   40.0000
   63.0863   55.7719   40.0000
   63.9250   55.2272   40.0000
   64.7636   54.6826   40.0000
   65.6023   54.1379   40.0000
   66.4410   53.5933   40.0000
   67.2796   53.0487   40.0000
   68.1183   52.5040   40.0000
   68.9570   51.9594   40.0000
   69.7957   51.4147   40.0000
   70.6343   50.8701   40.0000
   71.4730   50.3255   40.0000
   72.3117   49.7808   40.0000
   73.1503   49.2362   40.0000
   73.9890   48.6915   40.0000
   74.8277   48.1469   40.0000
   75.6663   47.6023   40.0000
   76.5050   47.0576   40.0000
   77.3437   46.5130   40.0000
   78.1824   45.9684   40.0000
   79.0210   45.4237   40.0000
   79.8597   44.8791   40.0000
   80.6984   44.3344   40.0000
   81.5370   43.7898   40.0000
   82.3757   43.2452   40.0000
   83.2144   42.7005   40.0000
   84.0531   42.1559   40.0000
   84.8917   41.6112   40.0000
   85.7304   41.0666   40.0000
   53.0222   62.3075   41.0000
   53.8609   61.7629   41.0000
   54.6996   61.2182   41.0000
   55.5383   60.6736   41.0000
   56.3769   60.1290   41.0000
   57.2156   59.5843   41.0000
   58.0543   59.0397   41.0000
   58.8929   58.4951   41.0000
   59.7316   57.9504   41.0000
   60.5703   57.4058   41.0000
   61.4089   56.8611   41.0000
   62.2476   56.3165   41.0000
   63.0863   55.7719   41.0000
   63.9250   55.2272   41.0000
   64.7636   54.6826   41.0000
   65.6023   54.1379   41.0000
   66.4410   53.5933   41.0000
   67.2796   53.0487   41.0000
   68.1183   52.5040   41.0000
   68.9570   51.9594   41.0000
   69.7957   51.4147   41.0000
   70.6343   50.8701   41.0000
   71.4730   50.3255   41.0000
   72.3117   49.7808   41.0000
   73.1503   49.2362   41.0000
   73.9890   48.6915   41.0000
   74.8277   48.1469   41.0000
   75.6663   47.6023   41.0000
   76.5050   47.0576   41.0000
   77.3437   46.5130   41.0000
   78.1824   45.9684   41.0000
   79.0210   45.4237   41.0000
   79.8597   44.8791   41.0000
   80.6984   44.3344   41.0000
   81.5370   43.7898   41.0000
   82.3757   43.2452   41.0000
   83.2144   42.7005   41.0000
   84.0531   42.1559   41.0000
   84.8917   41.6112   41.0000
   85.7304   41.0666   41.0000
   53.0222   62.3075   42.0000
   53.8609   61.7629   42.0000
   54.6996   61.2182   42.0000
   55.5383   60.6736   42.0000
   56.3769   60.1290   42.0000
   57.2156   59.5843   42.0000
   58.0543   59.0397   42.0000
   58.8929   58.4951   42.0000
   59.7316   57.9504   42.0000
   60.5703   57.4058   42.0000
   61.4089   56.8611   42.0000
   62.2476   56.3165   42.0000
   63.0863   55.7719   42.0000
   63.9250   55.2272   42.0000
   64.7636   54.6826   42.0000
   65.6023   54.1379   42.0000
   66.4410   53.5933   42.0000
   67.2796   53.0487   42.0000
   68.1183   52.5040   42.0000
   68.9570   51.9594   42.0000
   69.7957   51.4147   42.0000
   70.6343   50.8701   42.0000
   71.4730   50.3255   42.0000
   72.3117   49.7808   42.0000
   73.1503   49.2362   42.0000
   73.9890   48.6915   42.0000
   74.8277   48.1469   42.0000
   75.6663   47.6023   42.0000
   76.5050   47.0576   42.0000
   77.3437   46.5130   42.0000
   78.1824   45.9684   42.0000
   79.0210   45.4237   42.0000
   79.8597   44.8791   42.0000
   80.6984   44.3344   42.0000
   81.5370   43.7898   42.0000
   82.3757   43.2452   42.0000
   83.2144   42.7005   42.0000
   84.0531   42.1559   42.0000
   84.8917   41.6112   42.0000
   85.7304   41.0666   42.0000
   53.0222   62.3075   43.0000
   53.8609   61.7629   43.0000
   54.6996   61.2182   43.0000
   55.5383   60.6736   43.0000
   56.3769   60.1290   43.0000
   57.2156   59.5843   43.0000
   58.0543   59.0397   43.0000
   58.8929   58.4951   43.0000
   59.7316   57.9504   43.0000
   60.5703   57.4058   43.0000
   61.4089   56.8611   43.0000
   62.2476   56.3165   43.0000
   63.0863   55.7719   43.0000
   63.9250   55.2272   43.0000
   64.7636   54.6826   43.0000
   65.6023   54.1379   43.0000
   66.4410   53.5933   43.0000
   67.2796   53.0487   43.0000
   68.1183   52.5040   43.0000
   68.9570   51.9594   43.0000
   69.7957   51.4147   43.0000
   70.6343   50.8701   43.0000
   71.4730   50.3255   43.0000
   72.3117   49.7808   43.0000
   73.1503   49.2362   43.0000
   73.9890   48.6915   43.0000
   74.8277   48.1469   43.0000
   75.6663   47.6023   43.0000
   76.5050   47.0576   43.0000
   77.3437   46.5130   43.0000
   78.1824   45.9684   43.0000
   79.0210   45.4237   43.0000
   79.8597   44.8791   43.0000
   80.6984   44.3344   43.0000
   81.5370   43.7898   43.0000
   82.3757   43.2452   43.0000
   83.2144   42.7005   43.0000
   84.0531   42.1559   43.0000
   84.8917   41.6112   43.0000
   85.7304   41.0666   43.0000
   53.0222   62.3075   44.0000
   53.8609   61.7629   44.0000
   54.6996   61.2182   44.0000
   55.5383   60.6736   44.0000
   56.3769   60.1290   44.0000
   57.2156   59.5843   44.0000
   58.0543   59.0397   44.0000
   58.8929   58.4951   44.0000
   59.7316   57.9504   44.0000
   60.5703   57.4058   44.0000
   61.4089   56.8611   44.0000
   62.2476   56.3165   44.0000
   63.0863   55.7719   44.0000
   63.9250   55.2272   44.0000
   64.7636   54.6826   44.0000
   65.6023   54.1379   44.0000
   66.4410   53.5933   44.0000
   67.2796   53.0487   44.0000
   68.1183   52.5040   44.0000
   68.9570   51.9594   44.0000
   69.7957   51.4147   44.0000
   70.6343   50.8701   44.0000
   71.4730   50.3255   44.0000
   72.3117   49.7808   44.0000
   73.1503   49.2362   44.0000
   73.9890   48.6915   44.0000
   74.8277   48.1469   44.0000
   75.6663   47.6023   44.0000
   76.5050   47.0576   44.0000
   77.3437   46.5130   44.0000
   78.1824   45.9684   44.0000
   79.0210   45.4237   44.0000
   79.8597   44.8791   44.0000
   80.6984   44.3344   44.0000
   81.5370   43.7898   44.0000
   82.3757   43.2452   44.0000
   83.2144   42.7005   44.0000
   84.0531   42.1559   44.0000
   84.8917   41.6112   44.0000
   85.7304   41.0666   44.0000
   53.0222   62.3075   45.0000
   53.8609   61.7629   45.0000
   54.6996   61.2182   45.0000
   55.5383   60.6736   45.0000
   56.3769   60.1290   45.0000
   57.2156   59.5843   45.0000
   58.0543   59.0397   45.0000
   58.8929   58.4951   45.0000
   59.7316   57.9504   45.0000
   60.5703   57.4058   45.0000
   61.4089   56.8611   45.0000
   62.2476   56.3165   45.0000
   63.0863   55.7719   45.0000
   63.9250   55.2272   45.0000
   64.7636   54.6826   45.0000
   65.6023   54.1379   45.0000
   66.4410   53.5933   45.0000
   67.2796   53.0487   45.0000
   68.1183   52.5040   45.0000
   68.9570   51.9594   45.0000
   69.7957   51.4147   45.0000
   70.6343   50.8701   45.0000
   71.4730   50.3255   45.0000
   72.3117   49.7808   45.0000
   73.1503   49.2362   45.0000
   73.9890   48.6915   45.0000
   74.8277   48.1469   45.0000
   75.6663   47.6023   45.0000
   76.5050   47.0576   45.0000
   77.3437   46.5130   45.0000
   78.1824   45.9684   45.0000
   79.0210   45.4237   45.0000
   79.8597   44.8791   45.0000
   80.6984   44.3344   45.0000
   81.5370   43.7898   45.0000
   82.3757   43.2452   45.0000
   83.2144   42.7005   45.0000
   84.0531   42.1559   45.0000
   84.8917   41.6112   45.0000
   85.7304   41.0666   45.0000
   53.0222   62.3075   46.0000
   53.8609   61.7629   46.0000
   54.6996   61.2182   46.0000
   55.5383   60.6736   46.0000
   56.3769   60.1290   46.0000
   57.2156   59.5843   46.0000
   58.0543   59.0397   46.0000
   58.8929   58.4951   46.0000
   59.7316   57.9504   46.0000
   60.5703   57.4058   46.0000
   61.4089   56.8611   46.0000
   62.2476   56.3165   46.0000
   63.0863   55.7719   46.0000
   63.9250   55.2272   46.0000
   64.7636   54.6826   46.0000
   65.6023   54.1379   46.0000
   66.4410   53.5933   46.0000
   67.2796   53.0487   46.0000
   68.1183   52.5040   46.0000
   68.9570   51.9594   46.0000
   69.7957   51.4147   46.0000
   70.6343   50.8701   46.0000
   71.4730   50.3255   46.0000
   72.3117   49.7808   46.0000
   73.1503   49.2362   46.0000
   73.9890   48.6915   46.0000
   74.8277   48.1469   46.0000
   75.6663   47.6023   46.0000
   76.5050   47.0576   46.0000
   77.3437   46.5130   46.0000
   78.1824   45.9684   46.0000
   79.0210   45.4237   46.0000
   79.8597   44.8791   46.0000
   80.6984   44.3344   46.0000
   81.5370   43.7898   46.0000
   82.3757   43.2452   46.0000
   83.2144   42.7005   46.0000
   84.0531   42.1559   46.0000
   84.8917   41.6112   46.0000
   85.7304   41.0666   46.0000
   53.0222   62.3075   47.0000
   53.8609   61.7629   47.0000
   54.6996   61.2182   47.0000
   55.5383   60.6736   47.0000
   56.3769   60.1290   47.0000
   57.2156   59.5843   47.0000
   58.0543   59.0397   47.0000
   58.8929   58.4951   47.0000
   59.7316   57.9504   47.0000
   60.5703   57.4058   47.0000
   61.4089   56.8611   47.0000
   62.2476   56.3165   47.0000
   63.0863   55.7719   47.0000
   63.9250   55.2272   47.0000
   64.7636   54.6826   47.0000
   65.6023   54.1379   47.0000
   66.4410   53.5933   47.0000
   67.2796   53.0487   47.0000
   68.1183   52.5040   47.0000
   68.9570   51.9594   47.0000
   69.7957   51.4147   47.0000
   70.6343   50.8701   47.0000
   71.4730   50.3255   47.0000
   72.3117   49.7808   47.0000
   73.1503   49.2362   47.0000
   73.9890   48.6915   47.0000
   74.8277   48.1469   47.0000
   75.6663   47.6023   47.0000
   76.5050   47.0576   47.0000
   77.3437   46.5130   47.0000
   78.1824   45.9684   47.0000
   79.0210   45.4237   47.0000
   79.8597   44.8791   47.0000
   80.6984   44.3344   47.0000
   81.5370   43.7898   47.0000
   82.3757   43.2452   47.0000
   83.2144   42.7005   47.0000
   84.0531   42.1559   47.0000
   84.8917   41.6112   47.0000
   85.7304   41.0666   47.0000
   53.0222   62.3075   48.0000
   53.8609   61.7629   48.0000
   54.6996   61.2182   48.0000
   55.5383   60.6736   48.0000
   56.3769   60.1290   48.0000
   57.2156   59.5843   48.0000
   58.0543   59.0397   48.0000
   58.8929   58.4951   48.0000
   59.7316   57.9504   48.0000
   60.5703   57.4058   48.0000
   61.4089   56.8611   48.0000
   62.2476   56.3165   48.0000
   63.0863   55.7719   48.0000
   63.9250   55.2272   48.0000
   64.7636   54.6826   48.0000
   65.6023   54.1379   48.0000
   66.4410   53.5933   48.0000
   67.2796   53.0487   48.0000
   68.1183   52.5040   48.0000
   68.9570   51.9594   48.0000
   69.7957   51.4147   48.0000
   70.6343   50.8701   48.0000
   71.4730   50.3255   48.0000
   72.3117   49.7808   48.0000
   73.1503   49.2362   48.0000
   73.9890   48.6915   48.0000
   74.8277   48.1469   48.0000
   75.6663   47.6023   48.0000
   76.5050   47.0576   48.0000
   77.3437   46.5130   48.0000
   78.1824   45.9684   48.0000
   79.0210   45.4237   48.0000
   79.8597   44.8791   48.0000
   80.6984   44.3344   48.0000
   81.5370   43.7898   48.0000
   82.3757   43.2452   48.0000
   83.2144   42.7005   48.0000
   84.0531   42.1559   48.0000
   84.8917   41.6112   48.0000
   85.7304   41.0666   48.0000
   53.0222   62.3075   49.0000
   53.8609   61.7629   49.0000
   54.6996   61.2182   49.0000
   55.5383   60.6736   49.0000
   56.3769   60.1290   49.0000
   57.2156   59.5843   49.0000
   58.0543   59.0397   49.0000
   58.8929   58.4951   49.0000
   59.7316   57.9504   49.0000
   60.5703   57.4058   49.0000
   61.4089   56.8611   49.0000
   62.2476   56.3165   49.0000
   63.0863   55.7719   49.0000
   63.9250   55.2272   49.0000
   64.7636   54.6826   49.0000
   65.6023   54.1379   49.0000
   66.4410   53.5933   49.0000
   67.2796   53.0487   49.0000
   68.1183   52.5040   49.0000
   68.9570   51.9594   49.0000
   69.7957   51.4147   49.0000
   70.6343   50.8701   49.0000
   71.4730   50.3255   49.0000
   72.3117   49.7808   49.0000
   73.1503   49.2362   49.0000
   73.9890   48.6915   49.0000
   74.8277   48.1469   49.0000
   75.6663   47.6023   49.0000
   76.5050   47.0576   49.0000
   77.3437   46.5130   49.0000
   78.1824   45.9684   49.0000
   79.0210   45.4237   49.0000
   79.8597   44.8791   49.0000
   80.6984   44.3344   49.0000
   81.5370   43.7898   49.0000
   82.3757   43.2452   49.0000
   83.2144   42.7005   49.0000
   84.0531   42.1559   49.0000
   84.8917   41.6112   49.0000
   85.7304   41.0666   49.0000
   53.0222   62.3075   50.0000
   53.8609   61.7629   50.0000
   54.6996   61.2182   50.0000
   55.5383   60.6736   50.0000
   56.3769   60.1290   50.0000
   57.2156   59.5843   50.0000
   58.0543   59.0397   50.0000
   58.8929   58.4951   50.0000
   59.7316   57.9504   50.0000
   60.5703   57.4058   50.0000
   61.4089   56.8611   50.0000
   62.2476   56.3165   50.0000
   63.0863   55.7719   50.0000
   63.9250   55.2272   50.0000
   64.7636   54.6826   50.0000
   65.6023   54.1379   50.0000
   66.4410   53.5933   50.0000
   67.2796   53.0487   50.0000
   68.1183   52.5040   50.0000
   68.9570   51.9594   50.0000
   69.7957   51.4147   50.0000
   70.6343   50.8701   50.0000
   71.4730   50.3255   50.0000
   72.3117   49.7808   50.0000
   73.1503   49.2362   50.0000
   73.9890   48.6915   50.0000
   74.8277   48.1469   50.0000
   75.6663   47.6023   50.0000
   76.5050   47.0576   50.0000
   77.3437   46.5130   50.0000
   78.1824   45.9684   50.0000
   79.0210   45.4237   50.0000
   79.8597   44.8791   50.0000
   80.6984   44.3344   50.0000
   81.5370   43.7898   50.0000
   82.3757   43.2452   50.0000
   83.2144   42.7005   50.0000
   84.0531   42.1559   50.0000
   84.8917   41.6112   50.0000
   85.7304   41.0666   50.0000
   53.0222   62.3075   51.0000
   53.8609   61.7629   51.0000
   54.6996   61.2182   51.0000
   55.5383   60.6736   51.0000
   56.3769   60.1290   51.0000
   57.2156   59.5843   51.0000
   58.0543   59.0397   51.0000
   58.8929   58.4951   51.0000
   59.7316   57.9504   51.0000
   60.5703   57.4058   51.0000
   61.4089   56.8611   51.0000
   62.2476   56.3165   51.0000
   63.0863   55.7719   51.0000
   63.9250   55.2272   51.0000
   64.7636   54.6826   51.0000
   65.6023   54.1379   51.0000
   66.4410   53.5933   51.0000
   67.2796   53.0487   51.0000
   68.1183   52.5040   51.0000
   68.9570   51.9594   51.0000
   69.7957   51.4147   51.0000
   70.6343   50.8701   51.0000
   71.4730   50.3255   51.0000
   72.3117   49.7808   51.0000
   73.1503   49.2362   51.0000
   73.9890   48.6915   51.0000
   74.8277   48.1469   51.0000
   75.6663   47.6023   51.0000
   76.5050   47.0576   51.0000
   77.3437   46.5130   51.0000
   78.1824   45.9684   51.0000
   79.0210   45.4237   51.0000
   79.8597   44.8791   51.0000
   80.6984   44.3344   51.0000
   81.5370   43.7898   51.0000
   82.3757   43.2452   51.0000
   83.2144   42.7005   51.0000
   84.0531   42.1559   51.0000
   84.8917   41.6112   51.0000
   85.7304   41.0666   51.0000
   53.0222   62.3075   52.0000
   53.8609   61.7629   52.0000
   54.6996   61.2182   52.0000
   55.5383   60.6736   52.0000
   56.3769   60.1290   52.0000
   57.2156   59.5843   52.0000
   58.0543   59.0397   52.0000
   58.8929   58.4951   52.0000
   59.7316   57.9504   52.0000
   60.5703   57.4058   52.0000
   61.4089   56.8611   52.0000
   62.2476   56.3165   52.0000
   63.0863   55.7719   52.0000
   63.9250   55.2272   52.0000
   64.7636   54.6826   52.0000
   65.6023   54.1379   52.0000
   66.4410   53.5933   52.0000
   67.2796   53.0487   52.0000
   68.1183   52.5040   52.0000
   68.9570   51.9594   52.0000
   69.7957   51.4147   52.0000
   70.6343   50.8701   52.0000
   71.4730   50.3255   52.0000
   72.3117   49.7808   52.0000
   73.1503   49.2362   52.0000
   73.9890   48.6915   52.0000
   74.8277   48.1469   52.0000
   75.6663   47.6023   52.0000
   76.5050   47.0576   52.0000
   77.3437   46.5130   52.0000
   78.1824   45.9684   52.0000
   79.0210   45.4237   52.0000
   79.8597   44.8791   52.0000
   80.6984   44.3344   52.0000
   81.5370   43.7898   52.0000
   82.3757   43.2452   52.0000
   83.2144   42.7005   52.0000
   84.0531   42.1559   52.0000
   84.8917   41.6112   52.0000
   85.7304   41.0666   52.0000
   53.0222   62.3075   53.0000
   53.8609   61.7629   53.0000
   54.6996   61.2182   53.0000
   55.5383   60.6736   53.0000
   56.3769   60.1290   53.0000
   57.2156   59.5843   53.0000
   58.0543   59.0397   53.0000
   58.8929   58.4951   53.0000
   59.7316   57.9504   53.0000
   60.5703   57.4058   53.0000
   61.4089   56.8611   53.0000
   62.2476   56.3165   53.0000
   63.0863   55.7719   53.0000
   63.9250   55.2272   53.0000
   64.7636   54.6826   53.0000
   65.6023   54.1379   53.0000
   66.4410   53.5933   53.0000
   67.2796   53.0487   53.0000
   68.1183   52.5040   53.0000
   68.9570   51.9594   53.0000
   69.7957   51.4147   53.0000
   70.6343   50.8701   53.0000
   71.4730   50.3255   53.0000
   72.3117   49.7808   53.0000
   73.1503   49.2362   53.0000
   73.9890   48.6915   53.0000
   74.8277   48.1469   53.0000
   75.6663   47.6023   53.0000
   76.5050   47.0576   53.0000
   77.3437   46.5130   53.0000
   78.1824   45.9684   53.0000
   79.0210   45.4237   53.0000
   79.8597   44.8791   53.0000
   80.6984   44.3344   53.0000
   81.5370   43.7898   53.0000
   82.3757   43.2452   53.0000
   83.2144   42.7005   53.0000
   84.0531   42.1559   53.0000
   84.8917   41.6112   53.0000
   85.7304   41.0666   53.0000
   53.0222   62.3075   54.0000
   53.8609   61.7629   54.0000
   54.6996   61.2182   54.0000
   55.5383   60.6736   54.0000
   56.3769   60.1290   54.0000
   57.2156   59.5843   54.0000
   58.0543   59.0397   54.0000
   58.8929   58.4951   54.0000
   59.7316   57.9504   54.0000
   60.5703   57.4058   54.0000
   61.4089   56.8611   54.0000
   62.2476   56.3165   54.0000
   63.0863   55.7719   54.0000
   63.9250   55.2272   54.0000
   64.7636   54.6826   54.0000
   65.6023   54.1379   54.0000
   66.4410   53.5933   54.0000
   67.2796   53.0487   54.0000
   68.1183   52.5040   54.0000
   68.9570   51.9594   54.0000
   69.7957   51.4147   54.0000
   70.6343   50.8701   54.0000
   71.4730   50.3255   54.0000
   72.3117   49.7808   54.0000
   73.1503   49.2362   54.0000
   73.9890   48.6915   54.0000
   74.8277   48.1469   54.0000
   75.6663   47.6023   54.0000
   76.5050   47.0576   54.0000
   77.3437   46.5130   54.0000
   78.1824   45.9684   54.0000
   79.0210   45.4237   54.0000
   79.8597   44.8791   54.0000
   80.6984   44.3344   54.0000
   81.5370   43.7898   54.0000
   82.3757   43.2452   54.0000
   83.2144   42.7005   54.0000
   84.0531   42.1559   54.0000
   84.8917   41.6112   54.0000
   85.7304   41.0666   54.0000
   53.0222   62.3075   55.0000
   53.8609   61.7629   55.0000
   54.6996   61.2182   55.0000
   55.5383   60.6736   55.0000
   56.3769   60.1290   55.0000
   57.2156   59.5843   55.0000
   58.0543   59.0397   55.0000
   58.8929   58.4951   55.0000
   59.7316   57.9504   55.0000
   60.5703   57.4058   55.0000
   61.4089   56.8611   55.0000
   62.2476   56.3165   55.0000
   63.0863   55.7719   55.0000
   63.9250   55.2272   55.0000
   64.7636   54.6826   55.0000
   65.6023   54.1379   55.0000
   66.4410   53.5933   55.0000
   67.2796   53.0487   55.0000
   68.1183   52.5040   55.0000
   68.9570   51.9594   55.0000
   69.7957   51.4147   55.0000
   70.6343   50.8701   55.0000
   71.4730   50.3255   55.0000
   72.3117   49.7808   55.0000
   73.1503   49.2362   55.0000
   73.9890   48.6915   55.0000
   74.8277   48.1469   55.0000
   75.6663   47.6023   55.0000
   76.5050   47.0576   55.0000
   77.3437   46.5130   55.0000
   78.1824   45.9684   55.0000
   79.0210   45.4237   55.0000
   79.8597   44.8791   55.0000
   80.6984   44.3344   55.0000
   81.5370   43.7898   55.0000
   82.3757   43.2452   55.0000
   83.2144   42.7005   55.0000
   84.0531   42.1559   55.0000
   84.8917   41.6112   55.0000
   85.7304   41.0666   55.0000
